chr_window	start	stop	nb_snps
Chr1_1	1	100000	228
Chr1_2	50001	150000	181
Chr1_3	100001	200000	25
Chr1_4	150001	250000	60
Chr1_5	200001	300000	167
Chr1_6	250001	350000	240
Chr1_7	300001	400000	318
Chr1_8	350001	450000	447
Chr1_9	400001	500000	519
Chr1_10	450001	550000	476
Chr1_11	500001	600000	386
Chr1_12	550001	650000	353
Chr1_13	600001	700000	262
Chr1_14	650001	750000	171
Chr1_15	700001	800000	228
Chr1_16	750001	850000	195
Chr1_17	800001	900000	213
Chr1_18	850001	950000	308
Chr1_19	900001	1000000	218
Chr1_20	950001	1050000	137
Chr1_21	1000001	1100000	119
Chr1_22	1050001	1150000	141
Chr1_23	1100001	1200000	159
Chr1_24	1150001	1250000	139
Chr1_25	1200001	1300000	129
Chr1_26	1250001	1350000	136
Chr1_27	1300001	1400000	125
Chr1_28	1350001	1450000	191
Chr1_29	1400001	1500000	245
Chr1_30	1450001	1550000	245
Chr1_31	1500001	1600000	409
Chr1_32	1550001	1650000	323
Chr1_33	1600001	1700000	142
Chr1_34	1650001	1750000	236
Chr1_35	1700001	1800000	258
Chr1_36	1750001	1850000	204
Chr1_37	1800001	1900000	188
Chr1_38	1850001	1950000	171
Chr1_39	1900001	2000000	175
Chr1_40	1950001	2050000	251
Chr1_41	2000001	2100000	218
Chr1_42	2050001	2150000	161
Chr1_43	2100001	2200000	167
Chr1_44	2150001	2250000	186
Chr1_45	2200001	2300000	273
Chr1_46	2250001	2350000	295
Chr1_47	2300001	2400000	291
Chr1_48	2350001	2450000	273
Chr1_49	2400001	2500000	197
Chr1_50	2450001	2550000	227
Chr1_51	2500001	2600000	355
Chr1_52	2550001	2650000	256
Chr1_53	2600001	2700000	136
Chr1_54	2650001	2750000	114
Chr1_55	2700001	2800000	76
Chr1_56	2750001	2850000	153
Chr1_57	2800001	2900000	257
Chr1_58	2850001	2950000	164
Chr1_59	2900001	3000000	109
Chr1_60	2950001	3050000	105
Chr1_61	3000001	3100000	72
Chr1_62	3050001	3150000	216
Chr1_63	3100001	3200000	472
Chr1_64	3150001	3250000	392
Chr1_65	3200001	3300000	133
Chr1_66	3250001	3350000	167
Chr1_67	3300001	3400000	271
Chr1_68	3350001	3450000	221
Chr1_69	3400001	3500000	144
Chr1_70	3450001	3550000	114
Chr1_71	3500001	3600000	111
Chr1_72	3550001	3650000	127
Chr1_73	3600001	3700000	110
Chr1_74	3650001	3750000	170
Chr1_75	3700001	3800000	235
Chr1_76	3750001	3850000	247
Chr1_77	3800001	3900000	307
Chr1_78	3850001	3950000	313
Chr1_79	3900001	4000000	276
Chr1_80	3950001	4050000	513
Chr1_81	4000001	4100000	473
Chr1_82	4050001	4150000	231
Chr1_83	4100001	4200000	308
Chr1_84	4150001	4250000	332
Chr1_85	4200001	4300000	360
Chr1_86	4250001	4350000	535
Chr1_87	4300001	4400000	540
Chr1_88	4350001	4450000	296
Chr1_89	4400001	4500000	176
Chr1_90	4450001	4550000	252
Chr1_91	4500001	4600000	249
Chr1_92	4550001	4650000	335
Chr1_93	4600001	4700000	363
Chr1_94	4650001	4750000	210
Chr1_95	4700001	4800000	211
Chr1_96	4750001	4850000	184
Chr1_97	4800001	4900000	136
Chr1_98	4850001	4950000	141
Chr1_99	4900001	5000000	234
Chr1_100	4950001	5050000	284
Chr1_101	5000001	5100000	194
Chr1_102	5050001	5150000	302
Chr1_103	5100001	5200000	607
Chr1_104	5150001	5250000	549
Chr1_105	5200001	5300000	268
Chr1_106	5250001	5350000	399
Chr1_107	5300001	5400000	612
Chr1_108	5350001	5450000	483
Chr1_109	5400001	5500000	310
Chr1_110	5450001	5550000	199
Chr1_111	5500001	5600000	281
Chr1_112	5550001	5650000	363
Chr1_113	5600001	5700000	513
Chr1_114	5650001	5750000	476
Chr1_115	5700001	5800000	284
Chr1_116	5750001	5850000	241
Chr1_117	5800001	5900000	417
Chr1_118	5850001	5950000	460
Chr1_119	5900001	6000000	224
Chr1_120	5950001	6050000	269
Chr1_121	6000001	6100000	211
Chr1_122	6050001	6150000	129
Chr1_123	6100001	6200000	142
Chr1_124	6150001	6250000	132
Chr1_125	6200001	6300000	121
Chr1_126	6250001	6350000	128
Chr1_127	6300001	6400000	91
Chr1_128	6350001	6450000	78
Chr1_129	6400001	6500000	228
Chr1_130	6450001	6550000	270
Chr1_131	6500001	6600000	181
Chr1_132	6550001	6650000	190
Chr1_133	6600001	6700000	212
Chr1_134	6650001	6750000	193
Chr1_135	6700001	6800000	118
Chr1_136	6750001	6850000	38
Chr1_137	6800001	6900000	89
Chr1_138	6850001	6950000	221
Chr1_139	6900001	7000000	344
Chr1_140	6950001	7050000	508
Chr1_141	7000001	7100000	502
Chr1_142	7050001	7150000	324
Chr1_143	7100001	7200000	232
Chr1_144	7150001	7250000	176
Chr1_145	7200001	7300000	164
Chr1_146	7250001	7350000	239
Chr1_147	7300001	7400000	261
Chr1_148	7350001	7450000	297
Chr1_149	7400001	7500000	319
Chr1_150	7450001	7550000	315
Chr1_151	7500001	7600000	217
Chr1_152	7550001	7650000	176
Chr1_153	7600001	7700000	216
Chr1_154	7650001	7750000	192
Chr1_155	7700001	7800000	216
Chr1_156	7750001	7850000	262
Chr1_157	7800001	7900000	296
Chr1_158	7850001	7950000	274
Chr1_159	7900001	8000000	263
Chr1_160	7950001	8050000	287
Chr1_161	8000001	8100000	288
Chr1_162	8050001	8150000	318
Chr1_163	8100001	8200000	431
Chr1_164	8150001	8250000	381
Chr1_165	8200001	8300000	291
Chr1_166	8250001	8350000	271
Chr1_167	8300001	8400000	345
Chr1_168	8350001	8450000	562
Chr1_169	8400001	8500000	480
Chr1_170	8450001	8550000	345
Chr1_171	8500001	8600000	422
Chr1_172	8550001	8650000	320
Chr1_173	8600001	8700000	445
Chr1_174	8650001	8750000	515
Chr1_175	8700001	8800000	234
Chr1_176	8750001	8850000	102
Chr1_177	8800001	8900000	139
Chr1_178	8850001	8950000	300
Chr1_179	8900001	9000000	286
Chr1_180	8950001	9050000	188
Chr1_181	9000001	9100000	260
Chr1_182	9050001	9150000	263
Chr1_183	9100001	9200000	98
Chr1_184	9150001	9250000	134
Chr1_185	9200001	9300000	274
Chr1_186	9250001	9350000	238
Chr1_187	9300001	9400000	261
Chr1_188	9350001	9450000	413
Chr1_189	9400001	9500000	373
Chr1_190	9450001	9550000	313
Chr1_191	9500001	9600000	333
Chr1_192	9550001	9650000	299
Chr1_193	9600001	9700000	318
Chr1_194	9650001	9750000	316
Chr1_195	9700001	9800000	323
Chr1_196	9750001	9850000	316
Chr1_197	9800001	9900000	255
Chr1_198	9850001	9950000	267
Chr1_199	9900001	10000000	273
Chr1_200	9950001	10050000	339
Chr1_201	10000001	10100000	346
Chr1_202	10050001	10150000	326
Chr1_203	10100001	10200000	519
Chr1_204	10150001	10250000	432
Chr1_205	10200001	10300000	234
Chr1_206	10250001	10350000	261
Chr1_207	10300001	10400000	350
Chr1_208	10350001	10450000	211
Chr1_209	10400001	10500000	119
Chr1_210	10450001	10550000	286
Chr1_211	10500001	10600000	269
Chr1_212	10550001	10650000	223
Chr1_213	10600001	10700000	249
Chr1_214	10650001	10750000	221
Chr1_215	10700001	10800000	180
Chr1_216	10750001	10850000	212
Chr1_217	10800001	10900000	231
Chr1_218	10850001	10950000	188
Chr1_219	10900001	11000000	217
Chr1_220	10950001	11050000	324
Chr1_221	11000001	11100000	378
Chr1_222	11050001	11150000	492
Chr1_223	11100001	11200000	532
Chr1_224	11150001	11250000	399
Chr1_225	11200001	11300000	663
Chr1_226	11250001	11350000	890
Chr1_227	11300001	11400000	725
Chr1_228	11350001	11450000	630
Chr1_229	11400001	11500000	770
Chr1_230	11450001	11550000	687
Chr1_231	11500001	11600000	485
Chr1_232	11550001	11650000	361
Chr1_233	11600001	11700000	404
Chr1_234	11650001	11750000	511
Chr1_235	11700001	11800000	451
Chr1_236	11750001	11850000	362
Chr1_237	11800001	11900000	299
Chr1_238	11850001	11950000	334
Chr1_239	11900001	12000000	326
Chr1_240	11950001	12050000	450
Chr1_241	12000001	12100000	424
Chr1_242	12050001	12150000	322
Chr1_243	12100001	12200000	365
Chr1_244	12150001	12250000	337
Chr1_245	12200001	12300000	506
Chr1_246	12250001	12350000	473
Chr1_247	12300001	12400000	356
Chr1_248	12350001	12450000	507
Chr1_249	12400001	12500000	631
Chr1_250	12450001	12550000	572
Chr1_251	12500001	12600000	369
Chr1_252	12550001	12650000	341
Chr1_253	12600001	12700000	316
Chr1_254	12650001	12750000	325
Chr1_255	12700001	12800000	239
Chr1_256	12750001	12850000	172
Chr1_257	12800001	12900000	276
Chr1_258	12850001	12950000	414
Chr1_259	12900001	13000000	603
Chr1_260	12950001	13050000	714
Chr1_261	13000001	13100000	666
Chr1_262	13050001	13150000	551
Chr1_263	13100001	13200000	573
Chr1_264	13150001	13250000	715
Chr1_265	13200001	13300000	715
Chr1_266	13250001	13350000	325
Chr1_267	13300001	13400000	262
Chr1_268	13350001	13450000	269
Chr1_269	13400001	13500000	248
Chr1_270	13450001	13550000	650
Chr1_271	13500001	13600000	571
Chr1_272	13550001	13650000	639
Chr1_273	13600001	13700000	685
Chr1_274	13650001	13750000	326
Chr1_275	13700001	13800000	249
Chr1_276	13750001	13850000	218
Chr1_277	13800001	13900000	181
Chr1_278	13850001	13950000	225
Chr1_279	13900001	14000000	293
Chr1_280	13950001	14050000	223
Chr1_281	14000001	14100000	206
Chr1_282	14050001	14150000	279
Chr1_283	14100001	14200000	348
Chr1_284	14150001	14250000	595
Chr1_285	14200001	14300000	736
Chr1_286	14250001	14350000	551
Chr1_287	14300001	14400000	201
Chr1_288	14350001	14450000	16
Chr1_289	14400001	14500000	27
Chr1_290	14450001	14550000	21
Chr1_291	14500001	14600000	31
Chr1_292	14550001	14650000	26
Chr1_293	14600001	14700000	5
Chr1_294	14650001	14750000	4
Chr1_295	14700001	14800000	4
Chr1_296	14750001	14850000	0
Chr1_297	14800001	14900000	0
Chr1_298	14850001	14950000	68
Chr1_299	14900001	15000000	71
Chr1_300	14950001	15050000	38
Chr1_301	15000001	15100000	138
Chr1_302	15050001	15150000	199
Chr1_303	15100001	15200000	235
Chr1_304	15150001	15250000	237
Chr1_305	15200001	15300000	99
Chr1_306	15250001	15350000	5
Chr1_307	15300001	15400000	6
Chr1_308	15350001	15450000	271
Chr1_309	15400001	15500000	281
Chr1_310	15450001	15550000	665
Chr1_311	15500001	15600000	1264
Chr1_312	15550001	15650000	975
Chr1_313	15600001	15700000	768
Chr1_314	15650001	15750000	910
Chr1_315	15700001	15800000	623
Chr1_316	15750001	15850000	404
Chr1_317	15800001	15900000	754
Chr1_318	15850001	15950000	771
Chr1_319	15900001	16000000	476
Chr1_320	15950001	16050000	256
Chr1_321	16000001	16100000	144
Chr1_322	16050001	16150000	167
Chr1_323	16100001	16200000	443
Chr1_324	16150001	16250000	603
Chr1_325	16200001	16300000	400
Chr1_326	16250001	16350000	308
Chr1_327	16300001	16400000	391
Chr1_328	16350001	16450000	653
Chr1_329	16400001	16500000	588
Chr1_330	16450001	16550000	391
Chr1_331	16500001	16600000	615
Chr1_332	16550001	16650000	705
Chr1_333	16600001	16700000	543
Chr1_334	16650001	16750000	578
Chr1_335	16700001	16800000	568
Chr1_336	16750001	16850000	419
Chr1_337	16800001	16900000	532
Chr1_338	16850001	16950000	541
Chr1_339	16900001	17000000	576
Chr1_340	16950001	17050000	626
Chr1_341	17000001	17100000	505
Chr1_342	17050001	17150000	467
Chr1_343	17100001	17200000	470
Chr1_344	17150001	17250000	426
Chr1_345	17200001	17300000	424
Chr1_346	17250001	17350000	395
Chr1_347	17300001	17400000	460
Chr1_348	17350001	17450000	612
Chr1_349	17400001	17500000	512
Chr1_350	17450001	17550000	347
Chr1_351	17500001	17600000	314
Chr1_352	17550001	17650000	294
Chr1_353	17600001	17700000	409
Chr1_354	17650001	17750000	380
Chr1_355	17700001	17800000	273
Chr1_356	17750001	17850000	412
Chr1_357	17800001	17900000	395
Chr1_358	17850001	17950000	234
Chr1_359	17900001	18000000	195
Chr1_360	17950001	18050000	295
Chr1_361	18000001	18100000	369
Chr1_362	18050001	18150000	332
Chr1_363	18100001	18200000	335
Chr1_364	18150001	18250000	346
Chr1_365	18200001	18300000	290
Chr1_366	18250001	18350000	284
Chr1_367	18300001	18400000	367
Chr1_368	18350001	18450000	324
Chr1_369	18400001	18500000	278
Chr1_370	18450001	18550000	273
Chr1_371	18500001	18600000	198
Chr1_372	18550001	18650000	318
Chr1_373	18600001	18700000	285
Chr1_374	18650001	18750000	246
Chr1_375	18700001	18800000	283
Chr1_376	18750001	18850000	252
Chr1_377	18800001	18900000	263
Chr1_378	18850001	18950000	207
Chr1_379	18900001	19000000	320
Chr1_380	18950001	19050000	507
Chr1_381	19000001	19100000	476
Chr1_382	19050001	19150000	347
Chr1_383	19100001	19200000	253
Chr1_384	19150001	19250000	285
Chr1_385	19200001	19300000	453
Chr1_386	19250001	19350000	437
Chr1_387	19300001	19400000	329
Chr1_388	19350001	19450000	342
Chr1_389	19400001	19500000	347
Chr1_390	19450001	19550000	375
Chr1_391	19500001	19600000	367
Chr1_392	19550001	19650000	286
Chr1_393	19600001	19700000	316
Chr1_394	19650001	19750000	434
Chr1_395	19700001	19800000	376
Chr1_396	19750001	19850000	273
Chr1_397	19800001	19900000	381
Chr1_398	19850001	19950000	474
Chr1_399	19900001	20000000	302
Chr1_400	19950001	20050000	208
Chr1_401	20000001	20100000	418
Chr1_402	20050001	20150000	348
Chr1_403	20100001	20200000	237
Chr1_404	20150001	20250000	269
Chr1_405	20200001	20300000	124
Chr1_406	20250001	20350000	40
Chr1_407	20300001	20400000	42
Chr1_408	20350001	20450000	56
Chr1_409	20400001	20500000	73
Chr1_410	20450001	20550000	76
Chr1_411	20500001	20600000	60
Chr1_412	20550001	20650000	193
Chr1_413	20600001	20700000	426
Chr1_414	20650001	20750000	438
Chr1_415	20700001	20800000	332
Chr1_416	20750001	20850000	432
Chr1_417	20800001	20900000	375
Chr1_418	20850001	20950000	344
Chr1_419	20900001	21000000	353
Chr1_420	20950001	21050000	139
Chr1_421	21000001	21100000	311
Chr1_422	21050001	21150000	451
Chr1_423	21100001	21200000	292
Chr1_424	21150001	21250000	137
Chr1_425	21200001	21300000	57
Chr1_426	21250001	21350000	417
Chr1_427	21300001	21400000	633
Chr1_428	21350001	21450000	551
Chr1_429	21400001	21500000	533
Chr1_430	21450001	21550000	445
Chr1_431	21500001	21600000	299
Chr1_432	21550001	21650000	334
Chr1_433	21600001	21700000	559
Chr1_434	21650001	21750000	733
Chr1_435	21700001	21800000	553
Chr1_436	21750001	21850000	147
Chr1_437	21800001	21900000	212
Chr1_438	21850001	21950000	435
Chr1_439	21900001	22000000	445
Chr1_440	21950001	22050000	375
Chr1_441	22000001	22100000	171
Chr1_442	22050001	22150000	11
Chr1_443	22100001	22200000	17
Chr1_444	22150001	22250000	19
Chr1_445	22200001	22300000	216
Chr1_446	22250001	22350000	511
Chr1_447	22300001	22400000	690
Chr1_448	22350001	22450000	675
Chr1_449	22400001	22500000	463
Chr1_450	22450001	22550000	432
Chr1_451	22500001	22600000	600
Chr1_452	22550001	22650000	557
Chr1_453	22600001	22700000	512
Chr1_454	22650001	22750000	640
Chr1_455	22700001	22800000	575
Chr1_456	22750001	22850000	631
Chr1_457	22800001	22900000	642
Chr1_458	22850001	22950000	490
Chr1_459	22900001	23000000	518
Chr1_460	22950001	23050000	466
Chr1_461	23000001	23100000	496
Chr1_462	23050001	23150000	673
Chr1_463	23100001	23200000	819
Chr1_464	23150001	23250000	519
Chr1_465	23200001	23300000	313
Chr1_466	23250001	23350000	507
Chr1_467	23300001	23400000	543
Chr1_468	23350001	23450000	555
Chr1_469	23400001	23500000	490
Chr1_470	23450001	23550000	348
Chr1_471	23500001	23600000	353
Chr1_472	23550001	23650000	526
Chr1_473	23600001	23700000	575
Chr1_474	23650001	23750000	529
Chr1_475	23700001	23800000	428
Chr1_476	23750001	23850000	596
Chr1_477	23800001	23900000	699
Chr1_478	23850001	23950000	429
Chr1_479	23900001	24000000	310
Chr1_480	23950001	24050000	571
Chr1_481	24000001	24100000	640
Chr1_482	24050001	24150000	423
Chr1_483	24100001	24200000	537
Chr1_484	24150001	24250000	793
Chr1_485	24200001	24300000	730
Chr1_486	24250001	24350000	503
Chr1_487	24300001	24400000	446
Chr1_488	24350001	24450000	515
Chr1_489	24400001	24500000	554
Chr1_490	24450001	24550000	412
Chr1_491	24500001	24600000	377
Chr1_492	24550001	24650000	372
Chr1_493	24600001	24700000	257
Chr1_494	24650001	24750000	273
Chr1_495	24700001	24800000	383
Chr1_496	24750001	24850000	468
Chr1_497	24800001	24900000	567
Chr1_498	24850001	24950000	401
Chr1_499	24900001	25000000	338
Chr1_500	24950001	25050000	554
Chr1_501	25000001	25100000	409
Chr1_502	25050001	25150000	274
Chr1_503	25100001	25200000	246
Chr1_504	25150001	25250000	205
Chr1_505	25200001	25300000	137
Chr1_506	25250001	25350000	351
Chr1_507	25300001	25400000	549
Chr1_508	25350001	25450000	370
Chr1_509	25400001	25500000	321
Chr1_510	25450001	25550000	238
Chr1_511	25500001	25600000	166
Chr1_512	25550001	25650000	215
Chr1_513	25600001	25700000	213
Chr1_514	25650001	25750000	182
Chr1_515	25700001	25800000	319
Chr1_516	25750001	25850000	328
Chr1_517	25800001	25900000	157
Chr1_518	25850001	25950000	69
Chr1_519	25900001	26000000	235
Chr1_520	25950001	26050000	342
Chr1_521	26000001	26100000	340
Chr1_522	26050001	26150000	586
Chr1_523	26100001	26200000	625
Chr1_524	26150001	26250000	511
Chr1_525	26200001	26300000	422
Chr1_526	26250001	26350000	344
Chr1_527	26300001	26400000	368
Chr1_528	26350001	26450000	345
Chr1_529	26400001	26500000	256
Chr1_530	26450001	26550000	213
Chr1_531	26500001	26600000	225
Chr1_532	26550001	26650000	212
Chr1_533	26600001	26700000	230
Chr1_534	26650001	26750000	337
Chr1_535	26700001	26800000	521
Chr1_536	26750001	26850000	422
Chr1_537	26800001	26900000	229
Chr1_538	26850001	26950000	267
Chr1_539	26900001	27000000	280
Chr1_540	26950001	27050000	222
Chr1_541	27000001	27100000	203
Chr1_542	27050001	27150000	279
Chr1_543	27100001	27200000	239
Chr1_544	27150001	27250000	194
Chr1_545	27200001	27300000	239
Chr1_546	27250001	27350000	252
Chr1_547	27300001	27400000	267
Chr1_548	27350001	27450000	422
Chr1_549	27400001	27500000	339
Chr1_550	27450001	27550000	165
Chr1_551	27500001	27600000	308
Chr1_552	27550001	27650000	364
Chr1_553	27600001	27700000	313
Chr1_554	27650001	27750000	191
Chr1_555	27700001	27800000	225
Chr1_556	27750001	27850000	313
Chr1_557	27800001	27900000	245
Chr1_558	27850001	27950000	246
Chr1_559	27900001	28000000	237
Chr1_560	27950001	28050000	195
Chr1_561	28000001	28100000	162
Chr1_562	28050001	28150000	188
Chr1_563	28100001	28200000	226
Chr1_564	28150001	28250000	139
Chr1_565	28200001	28300000	130
Chr1_566	28250001	28350000	163
Chr1_567	28300001	28400000	219
Chr1_568	28350001	28450000	381
Chr1_569	28400001	28500000	313
Chr1_570	28450001	28550000	195
Chr1_571	28500001	28600000	227
Chr1_572	28550001	28650000	206
Chr1_573	28600001	28700000	165
Chr1_574	28650001	28750000	193
Chr1_575	28700001	28800000	174
Chr1_576	28750001	28850000	105
Chr1_577	28800001	28900000	121
Chr1_578	28850001	28950000	74
Chr1_579	28900001	29000000	54
Chr1_580	28950001	29050000	148
Chr1_581	29000001	29100000	163
Chr1_582	29050001	29150000	194
Chr1_583	29100001	29200000	310
Chr1_584	29150001	29250000	309
Chr1_585	29200001	29300000	241
Chr1_586	29250001	29350000	220
Chr1_587	29300001	29400000	225
Chr1_588	29350001	29450000	243
Chr1_589	29400001	29500000	192
Chr1_590	29450001	29550000	230
Chr1_591	29500001	29600000	240
Chr1_592	29550001	29650000	247
Chr1_593	29600001	29700000	267
Chr1_594	29650001	29750000	211
Chr1_595	29700001	29800000	275
Chr1_596	29750001	29850000	219
Chr1_597	29800001	29900000	143
Chr1_598	29850001	29950000	310
Chr1_599	29900001	30000000	347
Chr1_600	29950001	30050000	231
Chr1_601	30000001	30100000	262
Chr1_602	30050001	30150000	219
Chr1_603	30100001	30200000	240
Chr1_604	30150001	30250000	316
Chr1_605	30200001	30300000	304
Chr1_606	30250001	30350000	304
Chr1_607	30300001	30400000	340
Chr1_608	30350001	30427671	347
Chr2_1	1	100000	140
Chr2_2	50001	150000	275
Chr2_3	100001	200000	445
Chr2_4	150001	250000	431
Chr2_5	200001	300000	370
Chr2_6	250001	350000	352
Chr2_7	300001	400000	402
Chr2_8	350001	450000	452
Chr2_9	400001	500000	282
Chr2_10	450001	550000	268
Chr2_11	500001	600000	306
Chr2_12	550001	650000	305
Chr2_13	600001	700000	349
Chr2_14	650001	750000	476
Chr2_15	700001	800000	640
Chr2_16	750001	850000	593
Chr2_17	800001	900000	396
Chr2_18	850001	950000	301
Chr2_19	900001	1000000	333
Chr2_20	950001	1050000	357
Chr2_21	1000001	1100000	342
Chr2_22	1050001	1150000	347
Chr2_23	1100001	1200000	415
Chr2_24	1150001	1250000	485
Chr2_25	1200001	1300000	375
Chr2_26	1250001	1350000	281
Chr2_27	1300001	1400000	342
Chr2_28	1350001	1450000	386
Chr2_29	1400001	1500000	401
Chr2_30	1450001	1550000	386
Chr2_31	1500001	1600000	245
Chr2_32	1550001	1650000	156
Chr2_33	1600001	1700000	107
Chr2_34	1650001	1750000	8
Chr2_35	1700001	1800000	13
Chr2_36	1750001	1850000	15
Chr2_37	1800001	1900000	14
Chr2_38	1850001	1950000	24
Chr2_39	1900001	2000000	32
Chr2_40	1950001	2050000	31
Chr2_41	2000001	2100000	22
Chr2_42	2050001	2150000	59
Chr2_43	2100001	2200000	86
Chr2_44	2150001	2250000	414
Chr2_45	2200001	2300000	539
Chr2_46	2250001	2350000	375
Chr2_47	2300001	2400000	533
Chr2_48	2350001	2450000	548
Chr2_49	2400001	2500000	476
Chr2_50	2450001	2550000	478
Chr2_51	2500001	2600000	372
Chr2_52	2550001	2650000	420
Chr2_53	2600001	2700000	532
Chr2_54	2650001	2750000	582
Chr2_55	2700001	2800000	794
Chr2_56	2750001	2850000	994
Chr2_57	2800001	2900000	731
Chr2_58	2850001	2950000	569
Chr2_59	2900001	3000000	594
Chr2_60	2950001	3050000	673
Chr2_61	3000001	3100000	877
Chr2_62	3050001	3150000	866
Chr2_63	3100001	3200000	750
Chr2_64	3150001	3250000	664
Chr2_65	3200001	3300000	352
Chr2_66	3250001	3350000	8
Chr2_67	3300001	3400000	8
Chr2_68	3350001	3450000	4
Chr2_69	3400001	3500000	7
Chr2_70	3450001	3550000	103
Chr2_71	3500001	3600000	201
Chr2_72	3550001	3650000	201
Chr2_73	3600001	3700000	168
Chr2_74	3650001	3750000	255
Chr2_75	3700001	3800000	331
Chr2_76	3750001	3850000	253
Chr2_77	3800001	3900000	217
Chr2_78	3850001	3950000	423
Chr2_79	3900001	4000000	435
Chr2_80	3950001	4050000	206
Chr2_81	4000001	4100000	192
Chr2_82	4050001	4150000	183
Chr2_83	4100001	4200000	180
Chr2_84	4150001	4250000	231
Chr2_85	4200001	4300000	366
Chr2_86	4250001	4350000	369
Chr2_87	4300001	4400000	233
Chr2_88	4350001	4450000	247
Chr2_89	4400001	4500000	336
Chr2_90	4450001	4550000	490
Chr2_91	4500001	4600000	445
Chr2_92	4550001	4650000	420
Chr2_93	4600001	4700000	670
Chr2_94	4650001	4750000	928
Chr2_95	4700001	4800000	710
Chr2_96	4750001	4850000	600
Chr2_97	4800001	4900000	730
Chr2_98	4850001	4950000	436
Chr2_99	4900001	5000000	650
Chr2_100	4950001	5050000	911
Chr2_101	5000001	5100000	737
Chr2_102	5050001	5150000	679
Chr2_103	5100001	5200000	685
Chr2_104	5150001	5250000	533
Chr2_105	5200001	5300000	283
Chr2_106	5250001	5350000	781
Chr2_107	5300001	5400000	1129
Chr2_108	5350001	5450000	1064
Chr2_109	5400001	5500000	1159
Chr2_110	5450001	5550000	703
Chr2_111	5500001	5600000	328
Chr2_112	5550001	5650000	595
Chr2_113	5600001	5700000	710
Chr2_114	5650001	5750000	700
Chr2_115	5700001	5800000	907
Chr2_116	5750001	5850000	749
Chr2_117	5800001	5900000	820
Chr2_118	5850001	5950000	1164
Chr2_119	5900001	6000000	765
Chr2_120	5950001	6050000	361
Chr2_121	6000001	6100000	528
Chr2_122	6050001	6150000	497
Chr2_123	6100001	6200000	334
Chr2_124	6150001	6250000	397
Chr2_125	6200001	6300000	333
Chr2_126	6250001	6350000	231
Chr2_127	6300001	6400000	467
Chr2_128	6350001	6450000	625
Chr2_129	6400001	6500000	545
Chr2_130	6450001	6550000	663
Chr2_131	6500001	6600000	538
Chr2_132	6550001	6650000	417
Chr2_133	6600001	6700000	467
Chr2_134	6650001	6750000	500
Chr2_135	6700001	6800000	484
Chr2_136	6750001	6850000	498
Chr2_137	6800001	6900000	482
Chr2_138	6850001	6950000	555
Chr2_139	6900001	7000000	619
Chr2_140	6950001	7050000	338
Chr2_141	7000001	7100000	366
Chr2_142	7050001	7150000	427
Chr2_143	7100001	7200000	304
Chr2_144	7150001	7250000	400
Chr2_145	7200001	7300000	456
Chr2_146	7250001	7350000	249
Chr2_147	7300001	7400000	237
Chr2_148	7350001	7450000	430
Chr2_149	7400001	7500000	393
Chr2_150	7450001	7550000	330
Chr2_151	7500001	7600000	478
Chr2_152	7550001	7650000	459
Chr2_153	7600001	7700000	371
Chr2_154	7650001	7750000	246
Chr2_155	7700001	7800000	102
Chr2_156	7750001	7850000	178
Chr2_157	7800001	7900000	303
Chr2_158	7850001	7950000	412
Chr2_159	7900001	8000000	371
Chr2_160	7950001	8050000	262
Chr2_161	8000001	8100000	167
Chr2_162	8050001	8150000	81
Chr2_163	8100001	8200000	119
Chr2_164	8150001	8250000	142
Chr2_165	8200001	8300000	161
Chr2_166	8250001	8350000	238
Chr2_167	8300001	8400000	337
Chr2_168	8350001	8450000	386
Chr2_169	8400001	8500000	506
Chr2_170	8450001	8550000	467
Chr2_171	8500001	8600000	486
Chr2_172	8550001	8650000	728
Chr2_173	8600001	8700000	573
Chr2_174	8650001	8750000	248
Chr2_175	8700001	8800000	175
Chr2_176	8750001	8850000	167
Chr2_177	8800001	8900000	284
Chr2_178	8850001	8950000	247
Chr2_179	8900001	9000000	90
Chr2_180	8950001	9050000	207
Chr2_181	9000001	9100000	216
Chr2_182	9050001	9150000	375
Chr2_183	9100001	9200000	376
Chr2_184	9150001	9250000	172
Chr2_185	9200001	9300000	101
Chr2_186	9250001	9350000	15
Chr2_187	9300001	9400000	139
Chr2_188	9350001	9450000	203
Chr2_189	9400001	9500000	195
Chr2_190	9450001	9550000	237
Chr2_191	9500001	9600000	223
Chr2_192	9550001	9650000	250
Chr2_193	9600001	9700000	283
Chr2_194	9650001	9750000	270
Chr2_195	9700001	9800000	389
Chr2_196	9750001	9850000	387
Chr2_197	9800001	9900000	168
Chr2_198	9850001	9950000	159
Chr2_199	9900001	10000000	216
Chr2_200	9950001	10050000	265
Chr2_201	10000001	10100000	307
Chr2_202	10050001	10150000	304
Chr2_203	10100001	10200000	354
Chr2_204	10150001	10250000	424
Chr2_205	10200001	10300000	564
Chr2_206	10250001	10350000	536
Chr2_207	10300001	10400000	319
Chr2_208	10350001	10450000	180
Chr2_209	10400001	10500000	159
Chr2_210	10450001	10550000	386
Chr2_211	10500001	10600000	573
Chr2_212	10550001	10650000	495
Chr2_213	10600001	10700000	349
Chr2_214	10650001	10750000	360
Chr2_215	10700001	10800000	402
Chr2_216	10750001	10850000	218
Chr2_217	10800001	10900000	85
Chr2_218	10850001	10950000	57
Chr2_219	10900001	11000000	31
Chr2_220	10950001	11050000	25
Chr2_221	11000001	11100000	95
Chr2_222	11050001	11150000	203
Chr2_223	11100001	11200000	202
Chr2_224	11150001	11250000	156
Chr2_225	11200001	11300000	270
Chr2_226	11250001	11350000	350
Chr2_227	11300001	11400000	232
Chr2_228	11350001	11450000	249
Chr2_229	11400001	11500000	268
Chr2_230	11450001	11550000	351
Chr2_231	11500001	11600000	482
Chr2_232	11550001	11650000	345
Chr2_233	11600001	11700000	345
Chr2_234	11650001	11750000	492
Chr2_235	11700001	11800000	459
Chr2_236	11750001	11850000	374
Chr2_237	11800001	11900000	314
Chr2_238	11850001	11950000	219
Chr2_239	11900001	12000000	279
Chr2_240	11950001	12050000	233
Chr2_241	12000001	12100000	42
Chr2_242	12050001	12150000	71
Chr2_243	12100001	12200000	261
Chr2_244	12150001	12250000	271
Chr2_245	12200001	12300000	177
Chr2_246	12250001	12350000	278
Chr2_247	12300001	12400000	385
Chr2_248	12350001	12450000	534
Chr2_249	12400001	12500000	518
Chr2_250	12450001	12550000	364
Chr2_251	12500001	12600000	404
Chr2_252	12550001	12650000	433
Chr2_253	12600001	12700000	443
Chr2_254	12650001	12750000	444
Chr2_255	12700001	12800000	376
Chr2_256	12750001	12850000	323
Chr2_257	12800001	12900000	323
Chr2_258	12850001	12950000	304
Chr2_259	12900001	13000000	330
Chr2_260	12950001	13050000	433
Chr2_261	13000001	13100000	351
Chr2_262	13050001	13150000	202
Chr2_263	13100001	13200000	155
Chr2_264	13150001	13250000	163
Chr2_265	13200001	13300000	202
Chr2_266	13250001	13350000	229
Chr2_267	13300001	13400000	156
Chr2_268	13350001	13450000	54
Chr2_269	13400001	13500000	26
Chr2_270	13450001	13550000	58
Chr2_271	13500001	13600000	160
Chr2_272	13550001	13650000	178
Chr2_273	13600001	13700000	225
Chr2_274	13650001	13750000	272
Chr2_275	13700001	13800000	212
Chr2_276	13750001	13850000	430
Chr2_277	13800001	13900000	436
Chr2_278	13850001	13950000	336
Chr2_279	13900001	14000000	337
Chr2_280	13950001	14050000	218
Chr2_281	14000001	14100000	304
Chr2_282	14050001	14150000	323
Chr2_283	14100001	14200000	132
Chr2_284	14150001	14250000	27
Chr2_285	14200001	14300000	272
Chr2_286	14250001	14350000	327
Chr2_287	14300001	14400000	199
Chr2_288	14350001	14450000	241
Chr2_289	14400001	14500000	228
Chr2_290	14450001	14550000	247
Chr2_291	14500001	14600000	201
Chr2_292	14550001	14650000	130
Chr2_293	14600001	14700000	362
Chr2_294	14650001	14750000	333
Chr2_295	14700001	14800000	176
Chr2_296	14750001	14850000	240
Chr2_297	14800001	14900000	209
Chr2_298	14850001	14950000	209
Chr2_299	14900001	15000000	266
Chr2_300	14950001	15050000	329
Chr2_301	15000001	15100000	273
Chr2_302	15050001	15150000	216
Chr2_303	15100001	15200000	180
Chr2_304	15150001	15250000	161
Chr2_305	15200001	15300000	186
Chr2_306	15250001	15350000	246
Chr2_307	15300001	15400000	203
Chr2_308	15350001	15450000	154
Chr2_309	15400001	15500000	258
Chr2_310	15450001	15550000	247
Chr2_311	15500001	15600000	105
Chr2_312	15550001	15650000	17
Chr2_313	15600001	15700000	48
Chr2_314	15650001	15750000	179
Chr2_315	15700001	15800000	270
Chr2_316	15750001	15850000	232
Chr2_317	15800001	15900000	165
Chr2_318	15850001	15950000	83
Chr2_319	15900001	16000000	243
Chr2_320	15950001	16050000	363
Chr2_321	16000001	16100000	210
Chr2_322	16050001	16150000	184
Chr2_323	16100001	16200000	227
Chr2_324	16150001	16250000	261
Chr2_325	16200001	16300000	318
Chr2_326	16250001	16350000	315
Chr2_327	16300001	16400000	263
Chr2_328	16350001	16450000	214
Chr2_329	16400001	16500000	114
Chr2_330	16450001	16550000	88
Chr2_331	16500001	16600000	168
Chr2_332	16550001	16650000	221
Chr2_333	16600001	16700000	240
Chr2_334	16650001	16750000	193
Chr2_335	16700001	16800000	180
Chr2_336	16750001	16850000	280
Chr2_337	16800001	16900000	290
Chr2_338	16850001	16950000	276
Chr2_339	16900001	17000000	264
Chr2_340	16950001	17050000	162
Chr2_341	17000001	17100000	173
Chr2_342	17050001	17150000	155
Chr2_343	17100001	17200000	91
Chr2_344	17150001	17250000	155
Chr2_345	17200001	17300000	336
Chr2_346	17250001	17350000	428
Chr2_347	17300001	17400000	264
Chr2_348	17350001	17450000	237
Chr2_349	17400001	17500000	267
Chr2_350	17450001	17550000	110
Chr2_351	17500001	17600000	75
Chr2_352	17550001	17650000	142
Chr2_353	17600001	17700000	197
Chr2_354	17650001	17750000	258
Chr2_355	17700001	17800000	147
Chr2_356	17750001	17850000	96
Chr2_357	17800001	17900000	223
Chr2_358	17850001	17950000	216
Chr2_359	17900001	18000000	345
Chr2_360	17950001	18050000	325
Chr2_361	18000001	18100000	237
Chr2_362	18050001	18150000	221
Chr2_363	18100001	18200000	99
Chr2_364	18150001	18250000	138
Chr2_365	18200001	18300000	298
Chr2_366	18250001	18350000	397
Chr2_367	18300001	18400000	285
Chr2_368	18350001	18450000	221
Chr2_369	18400001	18500000	200
Chr2_370	18450001	18550000	142
Chr2_371	18500001	18600000	128
Chr2_372	18550001	18650000	159
Chr2_373	18600001	18700000	182
Chr2_374	18650001	18750000	179
Chr2_375	18700001	18800000	176
Chr2_376	18750001	18850000	201
Chr2_377	18800001	18900000	195
Chr2_378	18850001	18950000	164
Chr2_379	18900001	19000000	180
Chr2_380	18950001	19050000	186
Chr2_381	19000001	19100000	279
Chr2_382	19050001	19150000	252
Chr2_383	19100001	19200000	76
Chr2_384	19150001	19250000	33
Chr2_385	19200001	19300000	74
Chr2_386	19250001	19350000	123
Chr2_387	19300001	19400000	192
Chr2_388	19350001	19450000	222
Chr2_389	19400001	19500000	207
Chr2_390	19450001	19550000	223
Chr2_391	19500001	19600000	228
Chr2_392	19550001	19650000	194
Chr2_393	19600001	19698289	166
Chr3_1	1	100000	239
Chr3_2	50001	150000	212
Chr3_3	100001	200000	143
Chr3_4	150001	250000	172
Chr3_5	200001	300000	273
Chr3_6	250001	350000	341
Chr3_7	300001	400000	305
Chr3_8	350001	450000	238
Chr3_9	400001	500000	182
Chr3_10	450001	550000	156
Chr3_11	500001	600000	172
Chr3_12	550001	650000	241
Chr3_13	600001	700000	337
Chr3_14	650001	750000	277
Chr3_15	700001	800000	92
Chr3_16	750001	850000	91
Chr3_17	800001	900000	150
Chr3_18	850001	950000	78
Chr3_19	900001	1000000	169
Chr3_20	950001	1050000	357
Chr3_21	1000001	1100000	294
Chr3_22	1050001	1150000	219
Chr3_23	1100001	1200000	200
Chr3_24	1150001	1250000	190
Chr3_25	1200001	1300000	251
Chr3_26	1250001	1350000	241
Chr3_27	1300001	1400000	171
Chr3_28	1350001	1450000	175
Chr3_29	1400001	1500000	196
Chr3_30	1450001	1550000	241
Chr3_31	1500001	1600000	363
Chr3_32	1550001	1650000	469
Chr3_33	1600001	1700000	310
Chr3_34	1650001	1750000	90
Chr3_35	1700001	1800000	150
Chr3_36	1750001	1850000	203
Chr3_37	1800001	1900000	83
Chr3_38	1850001	1950000	2
Chr3_39	1900001	2000000	6
Chr3_40	1950001	2050000	24
Chr3_41	2000001	2100000	164
Chr3_42	2050001	2150000	281
Chr3_43	2100001	2200000	182
Chr3_44	2150001	2250000	147
Chr3_45	2200001	2300000	198
Chr3_46	2250001	2350000	246
Chr3_47	2300001	2400000	227
Chr3_48	2350001	2450000	174
Chr3_49	2400001	2500000	157
Chr3_50	2450001	2550000	112
Chr3_51	2500001	2600000	108
Chr3_52	2550001	2650000	75
Chr3_53	2600001	2700000	95
Chr3_54	2650001	2750000	187
Chr3_55	2700001	2800000	203
Chr3_56	2750001	2850000	155
Chr3_57	2800001	2900000	290
Chr3_58	2850001	2950000	335
Chr3_59	2900001	3000000	122
Chr3_60	2950001	3050000	110
Chr3_61	3000001	3100000	158
Chr3_62	3050001	3150000	265
Chr3_63	3100001	3200000	367
Chr3_64	3150001	3250000	209
Chr3_65	3200001	3300000	56
Chr3_66	3250001	3350000	195
Chr3_67	3300001	3400000	351
Chr3_68	3350001	3450000	362
Chr3_69	3400001	3500000	437
Chr3_70	3450001	3550000	347
Chr3_71	3500001	3600000	207
Chr3_72	3550001	3650000	225
Chr3_73	3600001	3700000	199
Chr3_74	3650001	3750000	114
Chr3_75	3700001	3800000	114
Chr3_76	3750001	3850000	148
Chr3_77	3800001	3900000	139
Chr3_78	3850001	3950000	139
Chr3_79	3900001	4000000	110
Chr3_80	3950001	4050000	118
Chr3_81	4000001	4100000	220
Chr3_82	4050001	4150000	232
Chr3_83	4100001	4200000	122
Chr3_84	4150001	4250000	102
Chr3_85	4200001	4300000	514
Chr3_86	4250001	4350000	524
Chr3_87	4300001	4400000	198
Chr3_88	4350001	4450000	232
Chr3_89	4400001	4500000	202
Chr3_90	4450001	4550000	325
Chr3_91	4500001	4600000	338
Chr3_92	4550001	4650000	232
Chr3_93	4600001	4700000	203
Chr3_94	4650001	4750000	192
Chr3_95	4700001	4800000	193
Chr3_96	4750001	4850000	159
Chr3_97	4800001	4900000	234
Chr3_98	4850001	4950000	165
Chr3_99	4900001	5000000	56
Chr3_100	4950001	5050000	120
Chr3_101	5000001	5100000	126
Chr3_102	5050001	5150000	131
Chr3_103	5100001	5200000	164
Chr3_104	5150001	5250000	208
Chr3_105	5200001	5300000	276
Chr3_106	5250001	5350000	353
Chr3_107	5300001	5400000	337
Chr3_108	5350001	5450000	207
Chr3_109	5400001	5500000	229
Chr3_110	5450001	5550000	236
Chr3_111	5500001	5600000	280
Chr3_112	5550001	5650000	403
Chr3_113	5600001	5700000	337
Chr3_114	5650001	5750000	238
Chr3_115	5700001	5800000	145
Chr3_116	5750001	5850000	108
Chr3_117	5800001	5900000	207
Chr3_118	5850001	5950000	322
Chr3_119	5900001	6000000	314
Chr3_120	5950001	6050000	234
Chr3_121	6000001	6100000	148
Chr3_122	6050001	6150000	147
Chr3_123	6100001	6200000	250
Chr3_124	6150001	6250000	311
Chr3_125	6200001	6300000	276
Chr3_126	6250001	6350000	245
Chr3_127	6300001	6400000	194
Chr3_128	6350001	6450000	140
Chr3_129	6400001	6500000	200
Chr3_130	6450001	6550000	328
Chr3_131	6500001	6600000	329
Chr3_132	6550001	6650000	274
Chr3_133	6600001	6700000	343
Chr3_134	6650001	6750000	288
Chr3_135	6700001	6800000	193
Chr3_136	6750001	6850000	184
Chr3_137	6800001	6900000	155
Chr3_138	6850001	6950000	159
Chr3_139	6900001	7000000	168
Chr3_140	6950001	7050000	249
Chr3_141	7000001	7100000	313
Chr3_142	7050001	7150000	253
Chr3_143	7100001	7200000	259
Chr3_144	7150001	7250000	268
Chr3_145	7200001	7300000	223
Chr3_146	7250001	7350000	293
Chr3_147	7300001	7400000	333
Chr3_148	7350001	7450000	325
Chr3_149	7400001	7500000	323
Chr3_150	7450001	7550000	237
Chr3_151	7500001	7600000	212
Chr3_152	7550001	7650000	229
Chr3_153	7600001	7700000	259
Chr3_154	7650001	7750000	331
Chr3_155	7700001	7800000	366
Chr3_156	7750001	7850000	247
Chr3_157	7800001	7900000	154
Chr3_158	7850001	7950000	245
Chr3_159	7900001	8000000	205
Chr3_160	7950001	8050000	161
Chr3_161	8000001	8100000	281
Chr3_162	8050001	8150000	406
Chr3_163	8100001	8200000	390
Chr3_164	8150001	8250000	314
Chr3_165	8200001	8300000	262
Chr3_166	8250001	8350000	275
Chr3_167	8300001	8400000	426
Chr3_168	8350001	8450000	500
Chr3_169	8400001	8500000	396
Chr3_170	8450001	8550000	254
Chr3_171	8500001	8600000	189
Chr3_172	8550001	8650000	217
Chr3_173	8600001	8700000	229
Chr3_174	8650001	8750000	151
Chr3_175	8700001	8800000	166
Chr3_176	8750001	8850000	150
Chr3_177	8800001	8900000	161
Chr3_178	8850001	8950000	333
Chr3_179	8900001	9000000	616
Chr3_180	8950001	9050000	645
Chr3_181	9000001	9100000	341
Chr3_182	9050001	9150000	388
Chr3_183	9100001	9200000	485
Chr3_184	9150001	9250000	375
Chr3_185	9200001	9300000	361
Chr3_186	9250001	9350000	363
Chr3_187	9300001	9400000	340
Chr3_188	9350001	9450000	280
Chr3_189	9400001	9500000	306
Chr3_190	9450001	9550000	405
Chr3_191	9500001	9600000	533
Chr3_192	9550001	9650000	618
Chr3_193	9600001	9700000	674
Chr3_194	9650001	9750000	591
Chr3_195	9700001	9800000	338
Chr3_196	9750001	9850000	280
Chr3_197	9800001	9900000	313
Chr3_198	9850001	9950000	446
Chr3_199	9900001	10000000	537
Chr3_200	9950001	10050000	370
Chr3_201	10000001	10100000	235
Chr3_202	10050001	10150000	361
Chr3_203	10100001	10200000	638
Chr3_204	10150001	10250000	543
Chr3_205	10200001	10300000	196
Chr3_206	10250001	10350000	144
Chr3_207	10300001	10400000	377
Chr3_208	10350001	10450000	414
Chr3_209	10400001	10500000	408
Chr3_210	10450001	10550000	505
Chr3_211	10500001	10600000	358
Chr3_212	10550001	10650000	431
Chr3_213	10600001	10700000	564
Chr3_214	10650001	10750000	448
Chr3_215	10700001	10800000	370
Chr3_216	10750001	10850000	433
Chr3_217	10800001	10900000	541
Chr3_218	10850001	10950000	404
Chr3_219	10900001	11000000	392
Chr3_220	10950001	11050000	481
Chr3_221	11000001	11100000	361
Chr3_222	11050001	11150000	392
Chr3_223	11100001	11200000	423
Chr3_224	11150001	11250000	370
Chr3_225	11200001	11300000	537
Chr3_226	11250001	11350000	751
Chr3_227	11300001	11400000	638
Chr3_228	11350001	11450000	491
Chr3_229	11400001	11500000	666
Chr3_230	11450001	11550000	801
Chr3_231	11500001	11600000	661
Chr3_232	11550001	11650000	696
Chr3_233	11600001	11700000	716
Chr3_234	11650001	11750000	699
Chr3_235	11700001	11800000	714
Chr3_236	11750001	11850000	630
Chr3_237	11800001	11900000	1066
Chr3_238	11850001	11950000	941
Chr3_239	11900001	12000000	412
Chr3_240	11950001	12050000	574
Chr3_241	12000001	12100000	836
Chr3_242	12050001	12150000	837
Chr3_243	12100001	12200000	734
Chr3_244	12150001	12250000	517
Chr3_245	12200001	12300000	411
Chr3_246	12250001	12350000	555
Chr3_247	12300001	12400000	858
Chr3_248	12350001	12450000	1252
Chr3_249	12400001	12500000	1054
Chr3_250	12450001	12550000	829
Chr3_251	12500001	12600000	867
Chr3_252	12550001	12650000	673
Chr3_253	12600001	12700000	721
Chr3_254	12650001	12750000	976
Chr3_255	12700001	12800000	784
Chr3_256	12750001	12850000	560
Chr3_257	12800001	12900000	573
Chr3_258	12850001	12950000	652
Chr3_259	12900001	13000000	752
Chr3_260	12950001	13050000	428
Chr3_261	13000001	13100000	77
Chr3_262	13050001	13150000	534
Chr3_263	13100001	13200000	788
Chr3_264	13150001	13250000	549
Chr3_265	13200001	13300000	601
Chr3_266	13250001	13350000	717
Chr3_267	13300001	13400000	816
Chr3_268	13350001	13450000	507
Chr3_269	13400001	13500000	491
Chr3_270	13450001	13550000	769
Chr3_271	13500001	13600000	911
Chr3_272	13550001	13650000	594
Chr3_273	13600001	13700000	53
Chr3_274	13650001	13750000	25
Chr3_275	13700001	13800000	28
Chr3_276	13750001	13850000	105
Chr3_277	13800001	13900000	125
Chr3_278	13850001	13950000	68
Chr3_279	13900001	14000000	196
Chr3_280	13950001	14050000	208
Chr3_281	14000001	14100000	401
Chr3_282	14050001	14150000	578
Chr3_283	14100001	14200000	487
Chr3_284	14150001	14250000	522
Chr3_285	14200001	14300000	638
Chr3_286	14250001	14350000	557
Chr3_287	14300001	14400000	339
Chr3_288	14350001	14450000	166
Chr3_289	14400001	14500000	64
Chr3_290	14450001	14550000	179
Chr3_291	14500001	14600000	174
Chr3_292	14550001	14650000	78
Chr3_293	14600001	14700000	347
Chr3_294	14650001	14750000	578
Chr3_295	14700001	14800000	631
Chr3_296	14750001	14850000	714
Chr3_297	14800001	14900000	793
Chr3_298	14850001	14950000	927
Chr3_299	14900001	15000000	881
Chr3_300	14950001	15050000	706
Chr3_301	15000001	15100000	755
Chr3_302	15050001	15150000	957
Chr3_303	15100001	15200000	920
Chr3_304	15150001	15250000	629
Chr3_305	15200001	15300000	561
Chr3_306	15250001	15350000	584
Chr3_307	15300001	15400000	1014
Chr3_308	15350001	15450000	1096
Chr3_309	15400001	15500000	486
Chr3_310	15450001	15550000	469
Chr3_311	15500001	15600000	800
Chr3_312	15550001	15650000	857
Chr3_313	15600001	15700000	684
Chr3_314	15650001	15750000	810
Chr3_315	15700001	15800000	820
Chr3_316	15750001	15850000	567
Chr3_317	15800001	15900000	529
Chr3_318	15850001	15950000	603
Chr3_319	15900001	16000000	535
Chr3_320	15950001	16050000	672
Chr3_321	16000001	16100000	646
Chr3_322	16050001	16150000	441
Chr3_323	16100001	16200000	516
Chr3_324	16150001	16250000	545
Chr3_325	16200001	16300000	507
Chr3_326	16250001	16350000	541
Chr3_327	16300001	16400000	572
Chr3_328	16350001	16450000	566
Chr3_329	16400001	16500000	646
Chr3_330	16450001	16550000	529
Chr3_331	16500001	16600000	367
Chr3_332	16550001	16650000	513
Chr3_333	16600001	16700000	732
Chr3_334	16650001	16750000	660
Chr3_335	16700001	16800000	554
Chr3_336	16750001	16850000	586
Chr3_337	16800001	16900000	444
Chr3_338	16850001	16950000	427
Chr3_339	16900001	17000000	576
Chr3_340	16950001	17050000	472
Chr3_341	17000001	17100000	437
Chr3_342	17050001	17150000	572
Chr3_343	17100001	17200000	537
Chr3_344	17150001	17250000	644
Chr3_345	17200001	17300000	722
Chr3_346	17250001	17350000	614
Chr3_347	17300001	17400000	449
Chr3_348	17350001	17450000	373
Chr3_349	17400001	17500000	456
Chr3_350	17450001	17550000	469
Chr3_351	17500001	17600000	284
Chr3_352	17550001	17650000	299
Chr3_353	17600001	17700000	304
Chr3_354	17650001	17750000	155
Chr3_355	17700001	17800000	190
Chr3_356	17750001	17850000	94
Chr3_357	17800001	17900000	0
Chr3_358	17850001	17950000	1
Chr3_359	17900001	18000000	32
Chr3_360	17950001	18050000	33
Chr3_361	18000001	18100000	4
Chr3_362	18050001	18150000	32
Chr3_363	18100001	18200000	237
Chr3_364	18150001	18250000	535
Chr3_365	18200001	18300000	442
Chr3_366	18250001	18350000	335
Chr3_367	18300001	18400000	358
Chr3_368	18350001	18450000	222
Chr3_369	18400001	18500000	237
Chr3_370	18450001	18550000	393
Chr3_371	18500001	18600000	487
Chr3_372	18550001	18650000	678
Chr3_373	18600001	18700000	556
Chr3_374	18650001	18750000	429
Chr3_375	18700001	18800000	432
Chr3_376	18750001	18850000	237
Chr3_377	18800001	18900000	234
Chr3_378	18850001	18950000	323
Chr3_379	18900001	19000000	338
Chr3_380	18950001	19050000	350
Chr3_381	19000001	19100000	282
Chr3_382	19050001	19150000	215
Chr3_383	19100001	19200000	287
Chr3_384	19150001	19250000	193
Chr3_385	19200001	19300000	113
Chr3_386	19250001	19350000	64
Chr3_387	19300001	19400000	4
Chr3_388	19350001	19450000	123
Chr3_389	19400001	19500000	253
Chr3_390	19450001	19550000	286
Chr3_391	19500001	19600000	358
Chr3_392	19550001	19650000	390
Chr3_393	19600001	19700000	330
Chr3_394	19650001	19750000	307
Chr3_395	19700001	19800000	284
Chr3_396	19750001	19850000	339
Chr3_397	19800001	19900000	356
Chr3_398	19850001	19950000	317
Chr3_399	19900001	20000000	297
Chr3_400	19950001	20050000	298
Chr3_401	20000001	20100000	435
Chr3_402	20050001	20150000	381
Chr3_403	20100001	20200000	208
Chr3_404	20150001	20250000	156
Chr3_405	20200001	20300000	362
Chr3_406	20250001	20350000	362
Chr3_407	20300001	20400000	306
Chr3_408	20350001	20450000	332
Chr3_409	20400001	20500000	217
Chr3_410	20450001	20550000	216
Chr3_411	20500001	20600000	295
Chr3_412	20550001	20650000	296
Chr3_413	20600001	20700000	251
Chr3_414	20650001	20750000	305
Chr3_415	20700001	20800000	425
Chr3_416	20750001	20850000	373
Chr3_417	20800001	20900000	158
Chr3_418	20850001	20950000	209
Chr3_419	20900001	21000000	235
Chr3_420	20950001	21050000	176
Chr3_421	21000001	21100000	217
Chr3_422	21050001	21150000	244
Chr3_423	21100001	21200000	213
Chr3_424	21150001	21250000	241
Chr3_425	21200001	21300000	398
Chr3_426	21250001	21350000	319
Chr3_427	21300001	21400000	110
Chr3_428	21350001	21450000	175
Chr3_429	21400001	21500000	368
Chr3_430	21450001	21550000	324
Chr3_431	21500001	21600000	308
Chr3_432	21550001	21650000	327
Chr3_433	21600001	21700000	176
Chr3_434	21650001	21750000	139
Chr3_435	21700001	21800000	117
Chr3_436	21750001	21850000	147
Chr3_437	21800001	21900000	218
Chr3_438	21850001	21950000	190
Chr3_439	21900001	22000000	75
Chr3_440	21950001	22050000	157
Chr3_441	22000001	22100000	264
Chr3_442	22050001	22150000	380
Chr3_443	22100001	22200000	337
Chr3_444	22150001	22250000	102
Chr3_445	22200001	22300000	298
Chr3_446	22250001	22350000	397
Chr3_447	22300001	22400000	261
Chr3_448	22350001	22450000	265
Chr3_449	22400001	22500000	210
Chr3_450	22450001	22550000	156
Chr3_451	22500001	22600000	133
Chr3_452	22550001	22650000	210
Chr3_453	22600001	22700000	279
Chr3_454	22650001	22750000	299
Chr3_455	22700001	22800000	194
Chr3_456	22750001	22850000	73
Chr3_457	22800001	22900000	76
Chr3_458	22850001	22950000	75
Chr3_459	22900001	23000000	126
Chr3_460	22950001	23050000	157
Chr3_461	23000001	23100000	312
Chr3_462	23050001	23150000	273
Chr3_463	23100001	23200000	164
Chr3_464	23150001	23250000	323
Chr3_465	23200001	23300000	325
Chr3_466	23250001	23350000	236
Chr3_467	23300001	23400000	292
Chr3_468	23350001	23450000	272
Chr3_469	23400001	23459830	118
Chr4_1	1	100000	244
Chr4_2	50001	150000	309
Chr4_3	100001	200000	377
Chr4_4	150001	250000	499
Chr4_5	200001	300000	495
Chr4_6	250001	350000	315
Chr4_7	300001	400000	276
Chr4_8	350001	450000	475
Chr4_9	400001	500000	483
Chr4_10	450001	550000	330
Chr4_11	500001	600000	388
Chr4_12	550001	650000	399
Chr4_13	600001	700000	420
Chr4_14	650001	750000	481
Chr4_15	700001	800000	464
Chr4_16	750001	850000	600
Chr4_17	800001	900000	493
Chr4_18	850001	950000	333
Chr4_19	900001	1000000	504
Chr4_20	950001	1050000	542
Chr4_21	1000001	1100000	553
Chr4_22	1050001	1150000	494
Chr4_23	1100001	1200000	450
Chr4_24	1150001	1250000	523
Chr4_25	1200001	1300000	674
Chr4_26	1250001	1350000	597
Chr4_27	1300001	1400000	411
Chr4_28	1350001	1450000	433
Chr4_29	1400001	1500000	331
Chr4_30	1450001	1550000	361
Chr4_31	1500001	1600000	467
Chr4_32	1550001	1650000	321
Chr4_33	1600001	1700000	192
Chr4_34	1650001	1750000	172
Chr4_35	1700001	1800000	261
Chr4_36	1750001	1850000	661
Chr4_37	1800001	1900000	738
Chr4_38	1850001	1950000	501
Chr4_39	1900001	2000000	692
Chr4_40	1950001	2050000	838
Chr4_41	2000001	2100000	693
Chr4_42	2050001	2150000	671
Chr4_43	2100001	2200000	548
Chr4_44	2150001	2250000	409
Chr4_45	2200001	2300000	506
Chr4_46	2250001	2350000	590
Chr4_47	2300001	2400000	697
Chr4_48	2350001	2450000	723
Chr4_49	2400001	2500000	660
Chr4_50	2450001	2550000	714
Chr4_51	2500001	2600000	668
Chr4_52	2550001	2650000	649
Chr4_53	2600001	2700000	593
Chr4_54	2650001	2750000	326
Chr4_55	2700001	2800000	325
Chr4_56	2750001	2850000	300
Chr4_57	2800001	2900000	142
Chr4_58	2850001	2950000	162
Chr4_59	2900001	3000000	302
Chr4_60	2950001	3050000	350
Chr4_61	3000001	3100000	444
Chr4_62	3050001	3150000	674
Chr4_63	3100001	3200000	385
Chr4_64	3150001	3250000	31
Chr4_65	3200001	3300000	258
Chr4_66	3250001	3350000	702
Chr4_67	3300001	3400000	922
Chr4_68	3350001	3450000	851
Chr4_69	3400001	3500000	772
Chr4_70	3450001	3550000	720
Chr4_71	3500001	3600000	819
Chr4_72	3550001	3650000	870
Chr4_73	3600001	3700000	613
Chr4_74	3650001	3750000	596
Chr4_75	3700001	3800000	753
Chr4_76	3750001	3850000	763
Chr4_77	3800001	3900000	598
Chr4_78	3850001	3950000	651
Chr4_79	3900001	4000000	525
Chr4_80	3950001	4050000	348
Chr4_81	4000001	4100000	540
Chr4_82	4050001	4150000	773
Chr4_83	4100001	4200000	921
Chr4_84	4150001	4250000	762
Chr4_85	4200001	4300000	875
Chr4_86	4250001	4350000	926
Chr4_87	4300001	4400000	491
Chr4_88	4350001	4450000	125
Chr4_89	4400001	4500000	46
Chr4_90	4450001	4550000	64
Chr4_91	4500001	4600000	290
Chr4_92	4550001	4650000	412
Chr4_93	4600001	4700000	264
Chr4_94	4650001	4750000	429
Chr4_95	4700001	4800000	772
Chr4_96	4750001	4850000	759
Chr4_97	4800001	4900000	562
Chr4_98	4850001	4950000	605
Chr4_99	4900001	5000000	772
Chr4_100	4950001	5050000	951
Chr4_101	5000001	5100000	924
Chr4_102	5050001	5150000	738
Chr4_103	5100001	5200000	623
Chr4_104	5150001	5250000	520
Chr4_105	5200001	5300000	473
Chr4_106	5250001	5350000	403
Chr4_107	5300001	5400000	402
Chr4_108	5350001	5450000	422
Chr4_109	5400001	5500000	427
Chr4_110	5450001	5550000	340
Chr4_111	5500001	5600000	351
Chr4_112	5550001	5650000	535
Chr4_113	5600001	5700000	515
Chr4_114	5650001	5750000	468
Chr4_115	5700001	5800000	496
Chr4_116	5750001	5850000	512
Chr4_117	5800001	5900000	307
Chr4_118	5850001	5950000	178
Chr4_119	5900001	6000000	288
Chr4_120	5950001	6050000	428
Chr4_121	6000001	6100000	452
Chr4_122	6050001	6150000	542
Chr4_123	6100001	6200000	585
Chr4_124	6150001	6250000	517
Chr4_125	6200001	6300000	418
Chr4_126	6250001	6350000	289
Chr4_127	6300001	6400000	305
Chr4_128	6350001	6450000	352
Chr4_129	6400001	6500000	537
Chr4_130	6450001	6550000	624
Chr4_131	6500001	6600000	625
Chr4_132	6550001	6650000	568
Chr4_133	6600001	6700000	522
Chr4_134	6650001	6750000	591
Chr4_135	6700001	6800000	603
Chr4_136	6750001	6850000	466
Chr4_137	6800001	6900000	352
Chr4_138	6850001	6950000	417
Chr4_139	6900001	7000000	611
Chr4_140	6950001	7050000	583
Chr4_141	7000001	7100000	512
Chr4_142	7050001	7150000	535
Chr4_143	7100001	7200000	652
Chr4_144	7150001	7250000	728
Chr4_145	7200001	7300000	405
Chr4_146	7250001	7350000	283
Chr4_147	7300001	7400000	338
Chr4_148	7350001	7450000	273
Chr4_149	7400001	7500000	318
Chr4_150	7450001	7550000	507
Chr4_151	7500001	7600000	561
Chr4_152	7550001	7650000	569
Chr4_153	7600001	7700000	570
Chr4_154	7650001	7750000	416
Chr4_155	7700001	7800000	406
Chr4_156	7750001	7850000	466
Chr4_157	7800001	7900000	522
Chr4_158	7850001	7950000	571
Chr4_159	7900001	8000000	471
Chr4_160	7950001	8050000	634
Chr4_161	8000001	8100000	728
Chr4_162	8050001	8150000	630
Chr4_163	8100001	8200000	603
Chr4_164	8150001	8250000	421
Chr4_165	8200001	8300000	564
Chr4_166	8250001	8350000	603
Chr4_167	8300001	8400000	498
Chr4_168	8350001	8450000	457
Chr4_169	8400001	8500000	284
Chr4_170	8450001	8550000	302
Chr4_171	8500001	8600000	704
Chr4_172	8550001	8650000	675
Chr4_173	8600001	8700000	211
Chr4_174	8650001	8750000	264
Chr4_175	8700001	8800000	394
Chr4_176	8750001	8850000	553
Chr4_177	8800001	8900000	522
Chr4_178	8850001	8950000	351
Chr4_179	8900001	9000000	296
Chr4_180	8950001	9050000	323
Chr4_181	9000001	9100000	440
Chr4_182	9050001	9150000	472
Chr4_183	9100001	9200000	623
Chr4_184	9150001	9250000	491
Chr4_185	9200001	9300000	186
Chr4_186	9250001	9350000	191
Chr4_187	9300001	9400000	280
Chr4_188	9350001	9450000	542
Chr4_189	9400001	9500000	647
Chr4_190	9450001	9550000	479
Chr4_191	9500001	9600000	531
Chr4_192	9550001	9650000	469
Chr4_193	9600001	9700000	434
Chr4_194	9650001	9750000	501
Chr4_195	9700001	9800000	432
Chr4_196	9750001	9850000	357
Chr4_197	9800001	9900000	338
Chr4_198	9850001	9950000	357
Chr4_199	9900001	10000000	298
Chr4_200	9950001	10050000	373
Chr4_201	10000001	10100000	431
Chr4_202	10050001	10150000	462
Chr4_203	10100001	10200000	504
Chr4_204	10150001	10250000	410
Chr4_205	10200001	10300000	340
Chr4_206	10250001	10350000	452
Chr4_207	10300001	10400000	464
Chr4_208	10350001	10450000	682
Chr4_209	10400001	10500000	829
Chr4_210	10450001	10550000	388
Chr4_211	10500001	10600000	296
Chr4_212	10550001	10650000	840
Chr4_213	10600001	10700000	825
Chr4_214	10650001	10750000	360
Chr4_215	10700001	10800000	259
Chr4_216	10750001	10850000	351
Chr4_217	10800001	10900000	538
Chr4_218	10850001	10950000	599
Chr4_219	10900001	11000000	578
Chr4_220	10950001	11050000	688
Chr4_221	11000001	11100000	401
Chr4_222	11050001	11150000	162
Chr4_223	11100001	11200000	322
Chr4_224	11150001	11250000	255
Chr4_225	11200001	11300000	220
Chr4_226	11250001	11350000	216
Chr4_227	11300001	11400000	258
Chr4_228	11350001	11450000	372
Chr4_229	11400001	11500000	277
Chr4_230	11450001	11550000	152
Chr4_231	11500001	11600000	192
Chr4_232	11550001	11650000	428
Chr4_233	11600001	11700000	512
Chr4_234	11650001	11750000	409
Chr4_235	11700001	11800000	459
Chr4_236	11750001	11850000	353
Chr4_237	11800001	11900000	275
Chr4_238	11850001	11950000	267
Chr4_239	11900001	12000000	278
Chr4_240	11950001	12050000	287
Chr4_241	12000001	12100000	239
Chr4_242	12050001	12150000	437
Chr4_243	12100001	12200000	452
Chr4_244	12150001	12250000	263
Chr4_245	12200001	12300000	257
Chr4_246	12250001	12350000	364
Chr4_247	12300001	12400000	324
Chr4_248	12350001	12450000	157
Chr4_249	12400001	12500000	110
Chr4_250	12450001	12550000	78
Chr4_251	12500001	12600000	89
Chr4_252	12550001	12650000	125
Chr4_253	12600001	12700000	115
Chr4_254	12650001	12750000	197
Chr4_255	12700001	12800000	190
Chr4_256	12750001	12850000	183
Chr4_257	12800001	12900000	221
Chr4_258	12850001	12950000	267
Chr4_259	12900001	13000000	395
Chr4_260	12950001	13050000	315
Chr4_261	13000001	13100000	219
Chr4_262	13050001	13150000	219
Chr4_263	13100001	13200000	261
Chr4_264	13150001	13250000	223
Chr4_265	13200001	13300000	213
Chr4_266	13250001	13350000	251
Chr4_267	13300001	13400000	146
Chr4_268	13350001	13450000	110
Chr4_269	13400001	13500000	159
Chr4_270	13450001	13550000	200
Chr4_271	13500001	13600000	209
Chr4_272	13550001	13650000	156
Chr4_273	13600001	13700000	112
Chr4_274	13650001	13750000	185
Chr4_275	13700001	13800000	288
Chr4_276	13750001	13850000	394
Chr4_277	13800001	13900000	430
Chr4_278	13850001	13950000	285
Chr4_279	13900001	14000000	173
Chr4_280	13950001	14050000	185
Chr4_281	14000001	14100000	240
Chr4_282	14050001	14150000	203
Chr4_283	14100001	14200000	191
Chr4_284	14150001	14250000	236
Chr4_285	14200001	14300000	351
Chr4_286	14250001	14350000	312
Chr4_287	14300001	14400000	275
Chr4_288	14350001	14450000	254
Chr4_289	14400001	14500000	180
Chr4_290	14450001	14550000	265
Chr4_291	14500001	14600000	266
Chr4_292	14550001	14650000	250
Chr4_293	14600001	14700000	221
Chr4_294	14650001	14750000	152
Chr4_295	14700001	14800000	69
Chr4_296	14750001	14850000	76
Chr4_297	14800001	14900000	56
Chr4_298	14850001	14950000	63
Chr4_299	14900001	15000000	161
Chr4_300	14950001	15050000	152
Chr4_301	15000001	15100000	191
Chr4_302	15050001	15150000	224
Chr4_303	15100001	15200000	141
Chr4_304	15150001	15250000	160
Chr4_305	15200001	15300000	184
Chr4_306	15250001	15350000	230
Chr4_307	15300001	15400000	295
Chr4_308	15350001	15450000	221
Chr4_309	15400001	15500000	236
Chr4_310	15450001	15550000	204
Chr4_311	15500001	15600000	86
Chr4_312	15550001	15650000	94
Chr4_313	15600001	15700000	194
Chr4_314	15650001	15750000	258
Chr4_315	15700001	15800000	172
Chr4_316	15750001	15850000	106
Chr4_317	15800001	15900000	130
Chr4_318	15850001	15950000	166
Chr4_319	15900001	16000000	126
Chr4_320	15950001	16050000	120
Chr4_321	16000001	16100000	177
Chr4_322	16050001	16150000	103
Chr4_323	16100001	16200000	10
Chr4_324	16150001	16250000	43
Chr4_325	16200001	16300000	58
Chr4_326	16250001	16350000	55
Chr4_327	16300001	16400000	142
Chr4_328	16350001	16450000	236
Chr4_329	16400001	16500000	182
Chr4_330	16450001	16550000	226
Chr4_331	16500001	16600000	281
Chr4_332	16550001	16650000	169
Chr4_333	16600001	16700000	117
Chr4_334	16650001	16750000	170
Chr4_335	16700001	16800000	165
Chr4_336	16750001	16850000	125
Chr4_337	16800001	16900000	167
Chr4_338	16850001	16950000	173
Chr4_339	16900001	17000000	184
Chr4_340	16950001	17050000	246
Chr4_341	17000001	17100000	421
Chr4_342	17050001	17150000	484
Chr4_343	17100001	17200000	229
Chr4_344	17150001	17250000	131
Chr4_345	17200001	17300000	311
Chr4_346	17250001	17350000	341
Chr4_347	17300001	17400000	192
Chr4_348	17350001	17450000	128
Chr4_349	17400001	17500000	139
Chr4_350	17450001	17550000	168
Chr4_351	17500001	17600000	296
Chr4_352	17550001	17650000	285
Chr4_353	17600001	17700000	190
Chr4_354	17650001	17750000	149
Chr4_355	17700001	17800000	184
Chr4_356	17750001	17850000	264
Chr4_357	17800001	17900000	177
Chr4_358	17850001	17950000	113
Chr4_359	17900001	18000000	121
Chr4_360	17950001	18050000	192
Chr4_361	18000001	18100000	408
Chr4_362	18050001	18150000	359
Chr4_363	18100001	18200000	363
Chr4_364	18150001	18250000	301
Chr4_365	18200001	18300000	141
Chr4_366	18250001	18350000	178
Chr4_367	18300001	18400000	107
Chr4_368	18350001	18450000	118
Chr4_369	18400001	18500000	196
Chr4_370	18450001	18550000	285
Chr4_371	18500001	18585056	210
Chr5_1	1	100000	184
Chr5_2	50001	150000	301
Chr5_3	100001	200000	343
Chr5_4	150001	250000	393
Chr5_5	200001	300000	353
Chr5_6	250001	350000	206
Chr5_7	300001	400000	298
Chr5_8	350001	450000	338
Chr5_9	400001	500000	412
Chr5_10	450001	550000	546
Chr5_11	500001	600000	436
Chr5_12	550001	650000	276
Chr5_13	600001	700000	341
Chr5_14	650001	750000	336
Chr5_15	700001	800000	446
Chr5_16	750001	850000	775
Chr5_17	800001	900000	541
Chr5_18	850001	950000	159
Chr5_19	900001	1000000	88
Chr5_20	950001	1050000	284
Chr5_21	1000001	1100000	366
Chr5_22	1050001	1150000	260
Chr5_23	1100001	1200000	235
Chr5_24	1150001	1250000	298
Chr5_25	1200001	1300000	388
Chr5_26	1250001	1350000	219
Chr5_27	1300001	1400000	234
Chr5_28	1350001	1450000	258
Chr5_29	1400001	1500000	181
Chr5_30	1450001	1550000	166
Chr5_31	1500001	1600000	233
Chr5_32	1550001	1650000	267
Chr5_33	1600001	1700000	169
Chr5_34	1650001	1750000	398
Chr5_35	1700001	1800000	509
Chr5_36	1750001	1850000	291
Chr5_37	1800001	1900000	123
Chr5_38	1850001	1950000	126
Chr5_39	1900001	2000000	180
Chr5_40	1950001	2050000	144
Chr5_41	2000001	2100000	197
Chr5_42	2050001	2150000	183
Chr5_43	2100001	2200000	162
Chr5_44	2150001	2250000	279
Chr5_45	2200001	2300000	297
Chr5_46	2250001	2350000	239
Chr5_47	2300001	2400000	277
Chr5_48	2350001	2450000	262
Chr5_49	2400001	2500000	255
Chr5_50	2450001	2550000	191
Chr5_51	2500001	2600000	212
Chr5_52	2550001	2650000	222
Chr5_53	2600001	2700000	119
Chr5_54	2650001	2750000	114
Chr5_55	2700001	2800000	210
Chr5_56	2750001	2850000	313
Chr5_57	2800001	2900000	465
Chr5_58	2850001	2950000	372
Chr5_59	2900001	3000000	64
Chr5_60	2950001	3050000	87
Chr5_61	3000001	3100000	237
Chr5_62	3050001	3150000	306
Chr5_63	3100001	3200000	318
Chr5_64	3150001	3250000	236
Chr5_65	3200001	3300000	128
Chr5_66	3250001	3350000	172
Chr5_67	3300001	3400000	280
Chr5_68	3350001	3450000	168
Chr5_69	3400001	3500000	37
Chr5_70	3450001	3550000	145
Chr5_71	3500001	3600000	364
Chr5_72	3550001	3650000	337
Chr5_73	3600001	3700000	105
Chr5_74	3650001	3750000	65
Chr5_75	3700001	3800000	154
Chr5_76	3750001	3850000	159
Chr5_77	3800001	3900000	105
Chr5_78	3850001	3950000	211
Chr5_79	3900001	4000000	241
Chr5_80	3950001	4050000	204
Chr5_81	4000001	4100000	229
Chr5_82	4050001	4150000	176
Chr5_83	4100001	4200000	190
Chr5_84	4150001	4250000	183
Chr5_85	4200001	4300000	120
Chr5_86	4250001	4350000	117
Chr5_87	4300001	4400000	118
Chr5_88	4350001	4450000	135
Chr5_89	4400001	4500000	219
Chr5_90	4450001	4550000	231
Chr5_91	4500001	4600000	234
Chr5_92	4550001	4650000	299
Chr5_93	4600001	4700000	238
Chr5_94	4650001	4750000	173
Chr5_95	4700001	4800000	140
Chr5_96	4750001	4850000	206
Chr5_97	4800001	4900000	230
Chr5_98	4850001	4950000	126
Chr5_99	4900001	5000000	183
Chr5_100	4950001	5050000	226
Chr5_101	5000001	5100000	133
Chr5_102	5050001	5150000	171
Chr5_103	5100001	5200000	214
Chr5_104	5150001	5250000	270
Chr5_105	5200001	5300000	417
Chr5_106	5250001	5350000	591
Chr5_107	5300001	5400000	508
Chr5_108	5350001	5450000	265
Chr5_109	5400001	5500000	312
Chr5_110	5450001	5550000	310
Chr5_111	5500001	5600000	235
Chr5_112	5550001	5650000	291
Chr5_113	5600001	5700000	445
Chr5_114	5650001	5750000	340
Chr5_115	5700001	5800000	176
Chr5_116	5750001	5850000	287
Chr5_117	5800001	5900000	403
Chr5_118	5850001	5950000	448
Chr5_119	5900001	6000000	440
Chr5_120	5950001	6050000	304
Chr5_121	6000001	6100000	317
Chr5_122	6050001	6150000	366
Chr5_123	6100001	6200000	196
Chr5_124	6150001	6250000	231
Chr5_125	6200001	6300000	294
Chr5_126	6250001	6350000	207
Chr5_127	6300001	6400000	267
Chr5_128	6350001	6450000	270
Chr5_129	6400001	6500000	216
Chr5_130	6450001	6550000	206
Chr5_131	6500001	6600000	171
Chr5_132	6550001	6650000	239
Chr5_133	6600001	6700000	272
Chr5_134	6650001	6750000	244
Chr5_135	6700001	6800000	248
Chr5_136	6750001	6850000	287
Chr5_137	6800001	6900000	308
Chr5_138	6850001	6950000	414
Chr5_139	6900001	7000000	475
Chr5_140	6950001	7050000	731
Chr5_141	7000001	7100000	736
Chr5_142	7050001	7150000	334
Chr5_143	7100001	7200000	310
Chr5_144	7150001	7250000	358
Chr5_145	7200001	7300000	241
Chr5_146	7250001	7350000	279
Chr5_147	7300001	7400000	309
Chr5_148	7350001	7450000	324
Chr5_149	7400001	7500000	425
Chr5_150	7450001	7550000	411
Chr5_151	7500001	7600000	299
Chr5_152	7550001	7650000	230
Chr5_153	7600001	7700000	409
Chr5_154	7650001	7750000	547
Chr5_155	7700001	7800000	349
Chr5_156	7750001	7850000	326
Chr5_157	7800001	7900000	307
Chr5_158	7850001	7950000	375
Chr5_159	7900001	8000000	504
Chr5_160	7950001	8050000	481
Chr5_161	8000001	8100000	436
Chr5_162	8050001	8150000	299
Chr5_163	8100001	8200000	301
Chr5_164	8150001	8250000	492
Chr5_165	8200001	8300000	483
Chr5_166	8250001	8350000	284
Chr5_167	8300001	8400000	261
Chr5_168	8350001	8450000	272
Chr5_169	8400001	8500000	199
Chr5_170	8450001	8550000	207
Chr5_171	8500001	8600000	405
Chr5_172	8550001	8650000	520
Chr5_173	8600001	8700000	451
Chr5_174	8650001	8750000	275
Chr5_175	8700001	8800000	243
Chr5_176	8750001	8850000	340
Chr5_177	8800001	8900000	261
Chr5_178	8850001	8950000	148
Chr5_179	8900001	9000000	119
Chr5_180	8950001	9050000	154
Chr5_181	9000001	9100000	271
Chr5_182	9050001	9150000	521
Chr5_183	9100001	9200000	648
Chr5_184	9150001	9250000	472
Chr5_185	9200001	9300000	312
Chr5_186	9250001	9350000	233
Chr5_187	9300001	9400000	178
Chr5_188	9350001	9450000	502
Chr5_189	9400001	9500000	743
Chr5_190	9450001	9550000	603
Chr5_191	9500001	9600000	496
Chr5_192	9550001	9650000	451
Chr5_193	9600001	9700000	413
Chr5_194	9650001	9750000	372
Chr5_195	9700001	9800000	476
Chr5_196	9750001	9850000	435
Chr5_197	9800001	9900000	374
Chr5_198	9850001	9950000	593
Chr5_199	9900001	10000000	689
Chr5_200	9950001	10050000	538
Chr5_201	10000001	10100000	829
Chr5_202	10050001	10150000	846
Chr5_203	10100001	10200000	467
Chr5_204	10150001	10250000	488
Chr5_205	10200001	10300000	519
Chr5_206	10250001	10350000	248
Chr5_207	10300001	10400000	101
Chr5_208	10350001	10450000	194
Chr5_209	10400001	10500000	358
Chr5_210	10450001	10550000	492
Chr5_211	10500001	10600000	636
Chr5_212	10550001	10650000	770
Chr5_213	10600001	10700000	658
Chr5_214	10650001	10750000	620
Chr5_215	10700001	10800000	532
Chr5_216	10750001	10850000	460
Chr5_217	10800001	10900000	500
Chr5_218	10850001	10950000	510
Chr5_219	10900001	11000000	672
Chr5_220	10950001	11050000	599
Chr5_221	11000001	11100000	479
Chr5_222	11050001	11150000	594
Chr5_223	11100001	11200000	532
Chr5_224	11150001	11250000	326
Chr5_225	11200001	11300000	333
Chr5_226	11250001	11350000	480
Chr5_227	11300001	11400000	619
Chr5_228	11350001	11450000	767
Chr5_229	11400001	11500000	870
Chr5_230	11450001	11550000	772
Chr5_231	11500001	11600000	752
Chr5_232	11550001	11650000	867
Chr5_233	11600001	11700000	647
Chr5_234	11650001	11750000	298
Chr5_235	11700001	11800000	101
Chr5_236	11750001	11850000	44
Chr5_237	11800001	11900000	14
Chr5_238	11850001	11950000	21
Chr5_239	11900001	12000000	112
Chr5_240	11950001	12050000	408
Chr5_241	12000001	12100000	609
Chr5_242	12050001	12150000	423
Chr5_243	12100001	12200000	456
Chr5_244	12150001	12250000	690
Chr5_245	12200001	12300000	690
Chr5_246	12250001	12350000	647
Chr5_247	12300001	12400000	670
Chr5_248	12350001	12450000	640
Chr5_249	12400001	12500000	613
Chr5_250	12450001	12550000	717
Chr5_251	12500001	12600000	543
Chr5_252	12550001	12650000	502
Chr5_253	12600001	12700000	538
Chr5_254	12650001	12750000	473
Chr5_255	12700001	12800000	600
Chr5_256	12750001	12850000	311
Chr5_257	12800001	12900000	127
Chr5_258	12850001	12950000	453
Chr5_259	12900001	13000000	581
Chr5_260	12950001	13050000	583
Chr5_261	13000001	13100000	726
Chr5_262	13050001	13150000	803
Chr5_263	13100001	13200000	886
Chr5_264	13150001	13250000	635
Chr5_265	13200001	13300000	325
Chr5_266	13250001	13350000	383
Chr5_267	13300001	13400000	602
Chr5_268	13350001	13450000	672
Chr5_269	13400001	13500000	407
Chr5_270	13450001	13550000	202
Chr5_271	13500001	13600000	339
Chr5_272	13550001	13650000	448
Chr5_273	13600001	13700000	221
Chr5_274	13650001	13750000	273
Chr5_275	13700001	13800000	657
Chr5_276	13750001	13850000	636
Chr5_277	13800001	13900000	505
Chr5_278	13850001	13950000	495
Chr5_279	13900001	14000000	463
Chr5_280	13950001	14050000	454
Chr5_281	14000001	14100000	667
Chr5_282	14050001	14150000	708
Chr5_283	14100001	14200000	348
Chr5_284	14150001	14250000	200
Chr5_285	14200001	14300000	416
Chr5_286	14250001	14350000	366
Chr5_287	14300001	14400000	53
Chr5_288	14350001	14450000	12
Chr5_289	14400001	14500000	0
Chr5_290	14450001	14550000	45
Chr5_291	14500001	14600000	178
Chr5_292	14550001	14650000	274
Chr5_293	14600001	14700000	395
Chr5_294	14650001	14750000	383
Chr5_295	14700001	14800000	426
Chr5_296	14750001	14850000	589
Chr5_297	14800001	14900000	563
Chr5_298	14850001	14950000	573
Chr5_299	14900001	15000000	542
Chr5_300	14950001	15050000	456
Chr5_301	15000001	15100000	536
Chr5_302	15050001	15150000	537
Chr5_303	15100001	15200000	429
Chr5_304	15150001	15250000	393
Chr5_305	15200001	15300000	416
Chr5_306	15250001	15350000	570
Chr5_307	15300001	15400000	709
Chr5_308	15350001	15450000	604
Chr5_309	15400001	15500000	501
Chr5_310	15450001	15550000	494
Chr5_311	15500001	15600000	499
Chr5_312	15550001	15650000	404
Chr5_313	15600001	15700000	198
Chr5_314	15650001	15750000	221
Chr5_315	15700001	15800000	494
Chr5_316	15750001	15850000	630
Chr5_317	15800001	15900000	412
Chr5_318	15850001	15950000	256
Chr5_319	15900001	16000000	300
Chr5_320	15950001	16050000	522
Chr5_321	16000001	16100000	623
Chr5_322	16050001	16150000	571
Chr5_323	16100001	16200000	386
Chr5_324	16150001	16250000	301
Chr5_325	16200001	16300000	473
Chr5_326	16250001	16350000	402
Chr5_327	16300001	16400000	420
Chr5_328	16350001	16450000	439
Chr5_329	16400001	16500000	254
Chr5_330	16450001	16550000	165
Chr5_331	16500001	16600000	220
Chr5_332	16550001	16650000	454
Chr5_333	16600001	16700000	652
Chr5_334	16650001	16750000	509
Chr5_335	16700001	16800000	426
Chr5_336	16750001	16850000	430
Chr5_337	16800001	16900000	348
Chr5_338	16850001	16950000	379
Chr5_339	16900001	17000000	341
Chr5_340	16950001	17050000	375
Chr5_341	17000001	17100000	485
Chr5_342	17050001	17150000	466
Chr5_343	17100001	17200000	434
Chr5_344	17150001	17250000	517
Chr5_345	17200001	17300000	563
Chr5_346	17250001	17350000	641
Chr5_347	17300001	17400000	696
Chr5_348	17350001	17450000	494
Chr5_349	17400001	17500000	581
Chr5_350	17450001	17550000	754
Chr5_351	17500001	17600000	749
Chr5_352	17550001	17650000	712
Chr5_353	17600001	17700000	704
Chr5_354	17650001	17750000	579
Chr5_355	17700001	17800000	366
Chr5_356	17750001	17850000	600
Chr5_357	17800001	17900000	580
Chr5_358	17850001	17950000	634
Chr5_359	17900001	18000000	736
Chr5_360	17950001	18050000	525
Chr5_361	18000001	18100000	498
Chr5_362	18050001	18150000	368
Chr5_363	18100001	18200000	545
Chr5_364	18150001	18250000	701
Chr5_365	18200001	18300000	701
Chr5_366	18250001	18350000	629
Chr5_367	18300001	18400000	225
Chr5_368	18350001	18450000	20
Chr5_369	18400001	18500000	38
Chr5_370	18450001	18550000	29
Chr5_371	18500001	18600000	5
Chr5_372	18550001	18650000	125
Chr5_373	18600001	18700000	367
Chr5_374	18650001	18750000	446
Chr5_375	18700001	18800000	521
Chr5_376	18750001	18850000	503
Chr5_377	18800001	18900000	323
Chr5_378	18850001	18950000	323
Chr5_379	18900001	19000000	339
Chr5_380	18950001	19050000	345
Chr5_381	19000001	19100000	303
Chr5_382	19050001	19150000	369
Chr5_383	19100001	19200000	481
Chr5_384	19150001	19250000	637
Chr5_385	19200001	19300000	602
Chr5_386	19250001	19350000	458
Chr5_387	19300001	19400000	621
Chr5_388	19350001	19450000	635
Chr5_389	19400001	19500000	410
Chr5_390	19450001	19550000	415
Chr5_391	19500001	19600000	419
Chr5_392	19550001	19650000	360
Chr5_393	19600001	19700000	433
Chr5_394	19650001	19750000	348
Chr5_395	19700001	19800000	208
Chr5_396	19750001	19850000	122
Chr5_397	19800001	19900000	159
Chr5_398	19850001	19950000	266
Chr5_399	19900001	20000000	372
Chr5_400	19950001	20050000	303
Chr5_401	20000001	20100000	238
Chr5_402	20050001	20150000	320
Chr5_403	20100001	20200000	361
Chr5_404	20150001	20250000	556
Chr5_405	20200001	20300000	554
Chr5_406	20250001	20350000	336
Chr5_407	20300001	20400000	289
Chr5_408	20350001	20450000	246
Chr5_409	20400001	20500000	264
Chr5_410	20450001	20550000	279
Chr5_411	20500001	20600000	149
Chr5_412	20550001	20650000	55
Chr5_413	20600001	20700000	121
Chr5_414	20650001	20750000	212
Chr5_415	20700001	20800000	242
Chr5_416	20750001	20850000	200
Chr5_417	20800001	20900000	192
Chr5_418	20850001	20950000	285
Chr5_419	20900001	21000000	263
Chr5_420	20950001	21050000	222
Chr5_421	21000001	21100000	325
Chr5_422	21050001	21150000	275
Chr5_423	21100001	21200000	226
Chr5_424	21150001	21250000	223
Chr5_425	21200001	21300000	246
Chr5_426	21250001	21350000	302
Chr5_427	21300001	21400000	420
Chr5_428	21350001	21450000	500
Chr5_429	21400001	21500000	412
Chr5_430	21450001	21550000	515
Chr5_431	21500001	21600000	400
Chr5_432	21550001	21650000	238
Chr5_433	21600001	21700000	232
Chr5_434	21650001	21750000	206
Chr5_435	21700001	21800000	242
Chr5_436	21750001	21850000	295
Chr5_437	21800001	21900000	354
Chr5_438	21850001	21950000	631
Chr5_439	21900001	22000000	626
Chr5_440	21950001	22050000	275
Chr5_441	22000001	22100000	344
Chr5_442	22050001	22150000	400
Chr5_443	22100001	22200000	392
Chr5_444	22150001	22250000	417
Chr5_445	22200001	22300000	398
Chr5_446	22250001	22350000	342
Chr5_447	22300001	22400000	382
Chr5_448	22350001	22450000	417
Chr5_449	22400001	22500000	238
Chr5_450	22450001	22550000	200
Chr5_451	22500001	22600000	416
Chr5_452	22550001	22650000	365
Chr5_453	22600001	22700000	300
Chr5_454	22650001	22750000	580
Chr5_455	22700001	22800000	504
Chr5_456	22750001	22850000	281
Chr5_457	22800001	22900000	243
Chr5_458	22850001	22950000	140
Chr5_459	22900001	23000000	149
Chr5_460	22950001	23050000	199
Chr5_461	23000001	23100000	198
Chr5_462	23050001	23150000	161
Chr5_463	23100001	23200000	149
Chr5_464	23150001	23250000	225
Chr5_465	23200001	23300000	269
Chr5_466	23250001	23350000	323
Chr5_467	23300001	23400000	260
Chr5_468	23350001	23450000	383
Chr5_469	23400001	23500000	394
Chr5_470	23450001	23550000	548
Chr5_471	23500001	23600000	509
Chr5_472	23550001	23650000	127
Chr5_473	23600001	23700000	181
Chr5_474	23650001	23750000	224
Chr5_475	23700001	23800000	262
Chr5_476	23750001	23850000	389
Chr5_477	23800001	23900000	363
Chr5_478	23850001	23950000	338
Chr5_479	23900001	24000000	425
Chr5_480	23950001	24050000	397
Chr5_481	24000001	24100000	476
Chr5_482	24050001	24150000	450
Chr5_483	24100001	24200000	265
Chr5_484	24150001	24250000	271
Chr5_485	24200001	24300000	346
Chr5_486	24250001	24350000	254
Chr5_487	24300001	24400000	184
Chr5_488	24350001	24450000	181
Chr5_489	24400001	24500000	172
Chr5_490	24450001	24550000	143
Chr5_491	24500001	24600000	100
Chr5_492	24550001	24650000	146
Chr5_493	24600001	24700000	257
Chr5_494	24650001	24750000	285
Chr5_495	24700001	24800000	209
Chr5_496	24750001	24850000	171
Chr5_497	24800001	24900000	121
Chr5_498	24850001	24950000	124
Chr5_499	24900001	25000000	224
Chr5_500	24950001	25050000	254
Chr5_501	25000001	25100000	209
Chr5_502	25050001	25150000	128
Chr5_503	25100001	25200000	153
Chr5_504	25150001	25250000	347
Chr5_505	25200001	25300000	524
Chr5_506	25250001	25350000	476
Chr5_507	25300001	25400000	269
Chr5_508	25350001	25450000	179
Chr5_509	25400001	25500000	304
Chr5_510	25450001	25550000	325
Chr5_511	25500001	25600000	149
Chr5_512	25550001	25650000	71
Chr5_513	25600001	25700000	105
Chr5_514	25650001	25750000	143
Chr5_515	25700001	25800000	274
Chr5_516	25750001	25850000	325
Chr5_517	25800001	25900000	312
Chr5_518	25850001	25950000	389
Chr5_519	25900001	26000000	315
Chr5_520	25950001	26050000	248
Chr5_521	26000001	26100000	387
Chr5_522	26050001	26150000	495
Chr5_523	26100001	26200000	318
Chr5_524	26150001	26250000	171
Chr5_525	26200001	26300000	310
Chr5_526	26250001	26350000	368
Chr5_527	26300001	26400000	326
Chr5_528	26350001	26450000	445
Chr5_529	26400001	26500000	483
Chr5_530	26450001	26550000	302
Chr5_531	26500001	26600000	281
Chr5_532	26550001	26650000	372
Chr5_533	26600001	26700000	292
Chr5_534	26650001	26750000	333
Chr5_535	26700001	26800000	383
Chr5_536	26750001	26850000	220
Chr5_537	26800001	26900000	96
Chr5_538	26850001	26950000	111
Chr5_539	26900001	26975502	95
