chr_window	start	stop	ADref	ADalt	DP
Chr1_1	1	100000	2407	12	2419
Chr1_2	50001	150000	2544	12	2556
Chr1_3	100001	200000	1463	7	1470
Chr1_4	150001	250000	1303	3	1306
Chr1_5	200001	300000	2516	4	2520
Chr1_6	250001	350000	4200	3	4203
Chr1_7	300001	400000	6032	2	6034
Chr1_8	350001	450000	7550	5	7555
Chr1_9	400001	500000	8028	11	8039
Chr1_10	450001	550000	7215	13	7228
Chr1_11	500001	600000	6332	9	6341
Chr1_12	550001	650000	5500	3	5503
Chr1_13	600001	700000	4539	1	4540
Chr1_14	650001	750000	3796	7	3803
Chr1_15	700001	800000	3235	12	3247
Chr1_16	750001	850000	3554	14	3568
Chr1_17	800001	900000	4195	27	4222
Chr1_18	850001	950000	4444	40	4484
Chr1_19	900001	1000000	3954	41	3995
Chr1_20	950001	1050000	2683	24	2707
Chr1_21	1000001	1100000	2193	7	2200
Chr1_22	1050001	1150000	2442	5	2447
Chr1_23	1100001	1200000	2616	4	2620
Chr1_24	1150001	1250000	2554	3	2557
Chr1_25	1200001	1300000	2516	1	2517
Chr1_26	1250001	1350000	2559	1	2560
Chr1_27	1300001	1400000	2935	25	2960
Chr1_28	1350001	1450000	3495	49	3544
Chr1_29	1400001	1500000	4161	49	4210
Chr1_30	1450001	1550000	5453	26	5479
Chr1_31	1500001	1600000	5854	4	5858
Chr1_32	1550001	1650000	5184	4	5188
Chr1_33	1600001	1700000	4155	16	4171
Chr1_34	1650001	1750000	3794	27	3821
Chr1_35	1700001	1800000	4199	27	4226
Chr1_36	1750001	1850000	3943	15	3958
Chr1_37	1800001	1900000	3377	2	3379
Chr1_38	1850001	1950000	3060	1	3061
Chr1_39	1900001	2000000	3356	1	3357
Chr1_40	1950001	2050000	3682	2	3684
Chr1_41	2000001	2100000	3791	15	3806
Chr1_42	2050001	2150000	3356	27	3383
Chr1_43	2100001	2200000	3083	26	3109
Chr1_44	2150001	2250000	3450	14	3464
Chr1_45	2200001	2300000	4108	3	4111
Chr1_46	2250001	2350000	4971	4	4975
Chr1_47	2300001	2400000	5164	4	5168
Chr1_48	2350001	2450000	4537	3	4540
Chr1_49	2400001	2500000	4016	2	4018
Chr1_50	2450001	2550000	4734	2	4736
Chr1_51	2500001	2600000	5355	2	5357
Chr1_52	2550001	2650000	4886	5	4891
Chr1_53	2600001	2700000	3376	9	3385
Chr1_54	2650001	2750000	2230	10	2240
Chr1_55	2700001	2800000	2252	7	2259
Chr1_56	2750001	2850000	3094	5	3099
Chr1_57	2800001	2900000	3670	6	3676
Chr1_58	2850001	2950000	3366	6	3372
Chr1_59	2900001	3000000	2349	3	2352
Chr1_60	2950001	3050000	1699	1	1700
Chr1_61	3000001	3100000	2422	2	2424
Chr1_62	3050001	3150000	4643	5	4648
Chr1_63	3100001	3200000	6595	8	6603
Chr1_64	3150001	3250000	6120	8	6128
Chr1_65	3200001	3300000	4312	37	4349
Chr1_66	3250001	3350000	3676	65	3741
Chr1_67	3300001	3400000	4204	64	4268
Chr1_68	3350001	3450000	4126	33	4159
Chr1_69	3400001	3500000	3128	2	3130
Chr1_70	3450001	3550000	2401	3	2404
Chr1_71	3500001	3600000	2345	3	2348
Chr1_72	3550001	3650000	2341	2	2343
Chr1_73	3600001	3700000	2642	3	2645
Chr1_74	3650001	3750000	3155	9	3164
Chr1_75	3700001	3800000	3893	14	3907
Chr1_76	3750001	3850000	4888	15	4903
Chr1_77	3800001	3900000	5616	13	5629
Chr1_78	3850001	3950000	5857	13	5870
Chr1_79	3900001	4000000	7151	256	7407
Chr1_80	3950001	4050000	8100	495	8595
Chr1_81	4000001	4100000	7704	492	8196
Chr1_82	4050001	4150000	6186	248	6434
Chr1_83	4100001	4200000	5103	7	5110
Chr1_84	4150001	4250000	6005	9	6014
Chr1_85	4200001	4300000	7534	58	7592
Chr1_86	4250001	4350000	8752	104	8856
Chr1_87	4300001	4400000	8240	100	8340
Chr1_88	4350001	4450000	6002	49	6051
Chr1_89	4400001	4500000	4262	1	4263
Chr1_90	4450001	4550000	4050	3	4053
Chr1_91	4500001	4600000	4942	8	4950
Chr1_92	4550001	4650000	5587	17	5604
Chr1_93	4600001	4700000	5377	21	5398
Chr1_94	4650001	4750000	4649	35	4684
Chr1_95	4700001	4800000	3659	44	3703
Chr1_96	4750001	4850000	3260	39	3299
Chr1_97	4800001	4900000	2994	21	3015
Chr1_98	4850001	4950000	3271	3	3274
Chr1_99	4900001	5000000	3914	4	3918
Chr1_100	4950001	5050000	3966	4	3970
Chr1_101	5000001	5100000	4480	24	4504
Chr1_102	5050001	5150000	6935	43	6978
Chr1_103	5100001	5200000	9500	44	9544
Chr1_104	5150001	5250000	9342	25	9367
Chr1_105	5200001	5300000	7723	6	7729
Chr1_106	5250001	5350000	7833	32	7865
Chr1_107	5300001	5400000	9086	57	9143
Chr1_108	5350001	5450000	8623	58	8681
Chr1_109	5400001	5500000	6123	32	6155
Chr1_110	5450001	5550000	4798	7	4805
Chr1_111	5500001	5600000	5181	7	5188
Chr1_112	5550001	5650000	7314	10	7324
Chr1_113	5600001	5700000	8579	13	8592
Chr1_114	5650001	5750000	8062	14	8076
Chr1_115	5700001	5800000	6311	13	6324
Chr1_116	5750001	5850000	5665	10	5675
Chr1_117	5800001	5900000	6474	7	6481
Chr1_118	5850001	5950000	6177	12	6189
Chr1_119	5900001	6000000	5490	22	5512
Chr1_120	5950001	6050000	4312	24	4336
Chr1_121	6000001	6100000	3842	15	3857
Chr1_122	6050001	6150000	2919	6	2925
Chr1_123	6100001	6200000	2122	6	2128
Chr1_124	6150001	6250000	2020	7	2027
Chr1_125	6200001	6300000	2144	7	2151
Chr1_126	6250001	6350000	2177	6	2183
Chr1_127	6300001	6400000	2084	5	2089
Chr1_128	6350001	6450000	2766	4	2770
Chr1_129	6400001	6500000	3848	138	3986
Chr1_130	6450001	6550000	4377	274	4651
Chr1_131	6500001	6600000	4016	277	4293
Chr1_132	6550001	6650000	3567	145	3712
Chr1_133	6600001	6700000	3532	11	3543
Chr1_134	6650001	6750000	3019	7	3026
Chr1_135	6700001	6800000	1966	3	1969
Chr1_136	6750001	6850000	1472	1	1473
Chr1_137	6800001	6900000	2240	0	2240
Chr1_138	6850001	6950000	4055	1	4056
Chr1_139	6900001	7000000	6457	4	6461
Chr1_140	6950001	7050000	8010	8	8018
Chr1_141	7000001	7100000	7912	42	7954
Chr1_142	7050001	7150000	6301	74	6375
Chr1_143	7100001	7200000	4302	72	4374
Chr1_144	7150001	7250000	3210	38	3248
Chr1_145	7200001	7300000	3176	5	3181
Chr1_146	7250001	7350000	3721	6	3727
Chr1_147	7300001	7400000	4528	7	4535
Chr1_148	7350001	7450000	5164	5	5169
Chr1_149	7400001	7500000	5584	6	5590
Chr1_150	7450001	7550000	5140	9	5149
Chr1_151	7500001	7600000	4267	12	4279
Chr1_152	7550001	7650000	3718	10	3728
Chr1_153	7600001	7700000	3794	21	3815
Chr1_154	7650001	7750000	4054	35	4089
Chr1_155	7700001	7800000	4176	34	4210
Chr1_156	7750001	7850000	4698	19	4717
Chr1_157	7800001	7900000	4957	6	4963
Chr1_158	7850001	7950000	4834	8	4842
Chr1_159	7900001	8000000	4576	10	4586
Chr1_160	7950001	8050000	4684	11	4695
Chr1_161	8000001	8100000	5473	10	5483
Chr1_162	8050001	8150000	6661	32	6693
Chr1_163	8100001	8200000	7151	60	7211
Chr1_164	8150001	8250000	6817	66	6883
Chr1_165	8200001	8300000	5960	42	6002
Chr1_166	8250001	8350000	5968	12	5980
Chr1_167	8300001	8400000	7633	10	7643
Chr1_168	8350001	8450000	8995	14	9009
Chr1_169	8400001	8500000	9054	13	9067
Chr1_170	8450001	8550000	8095	8	8103
Chr1_171	8500001	8600000	6834	4	6838
Chr1_172	8550001	8650000	7501	9	7510
Chr1_173	8600001	8700000	8505	15	8520
Chr1_174	8650001	8750000	8135	19	8154
Chr1_175	8700001	8800000	5884	16	5900
Chr1_176	8750001	8850000	3346	9	3355
Chr1_177	8800001	8900000	3790	8	3798
Chr1_178	8850001	8950000	4865	8	4873
Chr1_179	8900001	9000000	4950	8	4958
Chr1_180	8950001	9050000	4617	6	4623
Chr1_181	9000001	9100000	4582	4	4586
Chr1_182	9050001	9150000	4133	4	4137
Chr1_183	9100001	9200000	3139	3	3142
Chr1_184	9150001	9250000	2885	4	2889
Chr1_185	9200001	9300000	3574	6	3580
Chr1_186	9250001	9350000	4405	7	4412
Chr1_187	9300001	9400000	5319	8	5327
Chr1_188	9350001	9450000	6174	42	6216
Chr1_189	9400001	9500000	6583	76	6659
Chr1_190	9450001	9550000	6313	75	6388
Chr1_191	9500001	9600000	5893	40	5933
Chr1_192	9550001	9650000	5616	5	5621
Chr1_193	9600001	9700000	5181	12	5193
Chr1_194	9650001	9750000	5288	21	5309
Chr1_195	9700001	9800000	5493	22	5515
Chr1_196	9750001	9850000	5342	13	5355
Chr1_197	9800001	9900000	5095	4	5099
Chr1_198	9850001	9950000	4861	6	4867
Chr1_199	9900001	10000000	5463	8	5471
Chr1_200	9950001	10050000	5997	8	6005
Chr1_201	10000001	10100000	6439	8	6447
Chr1_202	10050001	10150000	7675	45	7720
Chr1_203	10100001	10200000	8330	81	8411
Chr1_204	10150001	10250000	7673	79	7752
Chr1_205	10200001	10300000	5749	42	5791
Chr1_206	10250001	10350000	4883	135	5018
Chr1_207	10300001	10400000	4592	262	4854
Chr1_208	10350001	10450000	3772	259	4031
Chr1_209	10400001	10500000	3636	131	3767
Chr1_210	10450001	10550000	4297	39	4336
Chr1_211	10500001	10600000	5243	76	5319
Chr1_212	10550001	10650000	5052	76	5128
Chr1_213	10600001	10700000	4527	40	4567
Chr1_214	10650001	10750000	4059	4	4063
Chr1_215	10700001	10800000	3937	5	3942
Chr1_216	10750001	10850000	4238	10	4248
Chr1_217	10800001	10900000	4295	12	4307
Chr1_218	10850001	10950000	4249	11	4260
Chr1_219	10900001	11000000	4450	9	4459
Chr1_220	10950001	11050000	5385	11	5396
Chr1_221	11000001	11100000	6928	13	6941
Chr1_222	11050001	11150000	7972	13	7985
Chr1_223	11100001	11200000	8024	12	8036
Chr1_224	11150001	11250000	9056	11	9067
Chr1_225	11200001	11300000	11852	23	11875
Chr1_226	11250001	11350000	14379	37	14416
Chr1_227	11300001	11400000	14033	42	14075
Chr1_228	11350001	11450000	13004	374	13378
Chr1_229	11400001	11500000	12528	713	13241
Chr1_230	11450001	11550000	11605	724	12329
Chr1_231	11500001	11600000	9050	385	9435
Chr1_232	11550001	11650000	7116	34	7150
Chr1_233	11600001	11700000	7238	20	7258
Chr1_234	11650001	11750000	7882	15	7897
Chr1_235	11700001	11800000	7767	14	7781
Chr1_236	11750001	11850000	6835	14	6849
Chr1_237	11800001	11900000	6194	12	6206
Chr1_238	11850001	11950000	5805	10	5815
Chr1_239	11900001	12000000	6388	10	6398
Chr1_240	11950001	12050000	6828	16	6844
Chr1_241	12000001	12100000	7037	21	7058
Chr1_242	12050001	12150000	6976	80	7056
Chr1_243	12100001	12200000	6685	135	6820
Chr1_244	12150001	12250000	8128	131	8259
Chr1_245	12200001	12300000	9039	70	9109
Chr1_246	12250001	12350000	9066	7	9073
Chr1_247	12300001	12400000	8456	9	8465
Chr1_248	12350001	12450000	8488	16	8504
Chr1_249	12400001	12500000	9450	23	9473
Chr1_250	12450001	12550000	8572	22	8594
Chr1_251	12500001	12600000	7083	24	7107
Chr1_252	12550001	12650000	5717	106	5823
Chr1_253	12600001	12700000	5633	181	5814
Chr1_254	12650001	12750000	5246	235	5481
Chr1_255	12700001	12800000	4539	218	4757
Chr1_256	12750001	12850000	4223	145	4368
Chr1_257	12800001	12900000	5059	84	5143
Chr1_258	12850001	12950000	7611	27	7638
Chr1_259	12900001	13000000	10140	220	10360
Chr1_260	12950001	13050000	11428	410	11838
Chr1_261	13000001	13100000	11056	428	11484
Chr1_262	13050001	13150000	11041	411	11452
Chr1_263	13100001	13200000	12241	417	12658
Chr1_264	13150001	13250000	13478	472	13950
Chr1_265	13200001	13300000	11626	331	11957
Chr1_266	13250001	13350000	9546	935	10481
Chr1_267	13300001	13400000	7813	1662	9475
Chr1_268	13350001	13450000	7292	1631	8923
Chr1_269	13400001	13500000	8624	834	9458
Chr1_270	13450001	13550000	9129	41	9170
Chr1_271	13500001	13600000	11280	46	11326
Chr1_272	13550001	13650000	11379	60	11439
Chr1_273	13600001	13700000	10019	271	10290
Chr1_274	13650001	13750000	7795	560	8355
Chr1_275	13700001	13800000	4969	671	5640
Chr1_276	13750001	13850000	4082	509	4591
Chr1_277	13800001	13900000	3715	360	4075
Chr1_278	13850001	13950000	0	0	0
Chr1_279	13900001	14000000	0	0	0
Chr1_280	13950001	14050000	0	0	0
Chr1_281	14000001	14100000	0	0	0
Chr1_282	14050001	14150000	0	0	0
Chr1_283	14100001	14200000	0	0	0
Chr1_284	14150001	14250000	0	0	0
Chr1_285	14200001	14300000	0	0	0
Chr1_286	14250001	14350000	0	0	0
Chr1_287	14300001	14400000	0	0	0
Chr1_288	14350001	14450000	0	0	0
Chr1_289	14400001	14500000	0	0	0
Chr1_290	14450001	14550000	0	0	0
Chr1_291	14500001	14600000	0	0	0
Chr1_292	14550001	14650000	0	0	0
Chr1_293	14600001	14700000	0	0	0
Chr1_294	14650001	14750000	0	0	0
Chr1_295	14700001	14800000	0	0	0
Chr1_296	14750001	14850000	0	0	0
Chr1_297	14800001	14900000	0	0	0
Chr1_298	14850001	14950000	0	0	0
Chr1_299	14900001	15000000	0	0	0
Chr1_300	14950001	15050000	0	0	0
Chr1_301	15000001	15100000	0	0	0
Chr1_302	15050001	15150000	0	0	0
Chr1_303	15100001	15200000	0	0	0
Chr1_304	15150001	15250000	0	0	0
Chr1_305	15200001	15300000	0	0	0
Chr1_306	15250001	15350000	0	0	0
Chr1_307	15300001	15400000	0	0	0
Chr1_308	15350001	15450000	0	0	0
Chr1_309	15400001	15500000	0	0	0
Chr1_310	15450001	15550000	0	0	0
Chr1_311	15500001	15600000	0	0	0
Chr1_312	15550001	15650000	0	0	0
Chr1_313	15600001	15700000	0	0	0
Chr1_314	15650001	15750000	0	0	0
Chr1_315	15700001	15800000	0	0	0
Chr1_316	15750001	15850000	0	0	0
Chr1_317	15800001	15900000	0	0	0
Chr1_318	15850001	15950000	0	0	0
Chr1_319	15900001	16000000	0	0	0
Chr1_320	15950001	16050000	0	0	0
Chr1_321	16000001	16100000	3763	328	4091
Chr1_322	16050001	16150000	5012	305	5317
Chr1_323	16100001	16200000	7505	290	7795
Chr1_324	16150001	16250000	8550	305	8855
Chr1_325	16200001	16300000	7661	323	7984
Chr1_326	16250001	16350000	6384	192	6576
Chr1_327	16300001	16400000	8102	50	8152
Chr1_328	16350001	16450000	9824	40	9864
Chr1_329	16400001	16500000	11186	1050	12236
Chr1_330	16450001	16550000	12495	2402	14897
Chr1_331	16500001	16600000	13094	2738	15832
Chr1_332	16550001	16650000	12424	1797	14221
Chr1_333	16600001	16700000	10540	517	11057
Chr1_334	16650001	16750000	9403	173	9576
Chr1_335	16700001	16800000	8560	91	8651
Chr1_336	16750001	16850000	8140	12	8152
Chr1_337	16800001	16900000	8214	15	8229
Chr1_338	16850001	16950000	9582	28	9610
Chr1_339	16900001	17000000	10640	47	10687
Chr1_340	16950001	17050000	10744	53	10797
Chr1_341	17000001	17100000	10412	119	10531
Chr1_342	17050001	17150000	9624	217	9841
Chr1_343	17100001	17200000	9062	244	9306
Chr1_344	17150001	17250000	8403	166	8569
Chr1_345	17200001	17300000	7466	50	7516
Chr1_346	17250001	17350000	7772	245	8017
Chr1_347	17300001	17400000	8907	486	9393
Chr1_348	17350001	17450000	9663	494	10157
Chr1_349	17400001	17500000	8691	263	8954
Chr1_350	17450001	17550000	6801	26	6827
Chr1_351	17500001	17600000	5599	31	5630
Chr1_352	17550001	17650000	6309	40	6349
Chr1_353	17600001	17700000	7152	36	7188
Chr1_354	17650001	17750000	7106	21	7127
Chr1_355	17700001	17800000	6917	7	6924
Chr1_356	17750001	17850000	6706	6	6712
Chr1_357	17800001	17900000	6428	6	6434
Chr1_358	17850001	17950000	5072	6	5078
Chr1_359	17900001	18000000	4265	4	4269
Chr1_360	17950001	18050000	4657	8	4665
Chr1_361	18000001	18100000	5275	14	5289
Chr1_362	18050001	18150000	5872	28	5900
Chr1_363	18100001	18200000	6346	38	6384
Chr1_364	18150001	18250000	6386	41	6427
Chr1_365	18200001	18300000	5878	35	5913
Chr1_366	18250001	18350000	5867	23	5890
Chr1_367	18300001	18400000	6141	19	6160
Chr1_368	18350001	18450000	6126	14	6140
Chr1_369	18400001	18500000	5518	11	5529
Chr1_370	18450001	18550000	4736	6	4742
Chr1_371	18500001	18600000	4787	3	4790
Chr1_372	18550001	18650000	4519	2	4521
Chr1_373	18600001	18700000	4546	5	4551
Chr1_374	18650001	18750000	4281	9	4290
Chr1_375	18700001	18800000	4232	17	4249
Chr1_376	18750001	18850000	4531	21	4552
Chr1_377	18800001	18900000	4259	20	4279
Chr1_378	18850001	18950000	4777	119	4896
Chr1_379	18900001	19000000	6308	216	6524
Chr1_380	18950001	19050000	7954	216	8170
Chr1_381	19000001	19100000	8092	113	8205
Chr1_382	19050001	19150000	6496	12	6508
Chr1_383	19100001	19200000	5431	11	5442
Chr1_384	19150001	19250000	6233	11	6244
Chr1_385	19200001	19300000	7222	12	7234
Chr1_386	19250001	19350000	7215	10	7225
Chr1_387	19300001	19400000	6460	6	6466
Chr1_388	19350001	19450000	5930	4	5934
Chr1_389	19400001	19500000	6273	6	6279
Chr1_390	19450001	19550000	6382	9	6391
Chr1_391	19500001	19600000	6163	9	6172
Chr1_392	19550001	19650000	6081	7	6088
Chr1_393	19600001	19700000	6496	11	6507
Chr1_394	19650001	19750000	6830	15	6845
Chr1_395	19700001	19800000	6396	17	6413
Chr1_396	19750001	19850000	6112	13	6125
Chr1_397	19800001	19900000	6696	15	6711
Chr1_398	19850001	19950000	6755	20	6775
Chr1_399	19900001	20000000	5647	42	5689
Chr1_400	19950001	20050000	5347	63	5410
Chr1_401	20000001	20100000	5673	62	5735
Chr1_402	20050001	20150000	5840	41	5881
Chr1_403	20100001	20200000	5007	17	5024
Chr1_404	20150001	20250000	3753	15	3768
Chr1_405	20200001	20300000	2560	12	2572
Chr1_406	20250001	20350000	1223	6	1229
Chr1_407	20300001	20400000	786	1	787
Chr1_408	20350001	20450000	898	1	899
Chr1_409	20400001	20500000	1066	4	1070
Chr1_410	20450001	20550000	1161	6	1167
Chr1_411	20500001	20600000	1928	7	1935
Chr1_412	20550001	20650000	3865	7	3872
Chr1_413	20600001	20700000	6031	9	6040
Chr1_414	20650001	20750000	6879	14	6893
Chr1_415	20700001	20800000	7310	16	7326
Chr1_416	20750001	20850000	7309	17	7326
Chr1_417	20800001	20900000	7480	24	7504
Chr1_418	20850001	20950000	6923	30	6953
Chr1_419	20900001	21000000	5281	26	5307
Chr1_420	20950001	21050000	5134	26	5160
Chr1_421	21000001	21100000	5794	31	5825
Chr1_422	21050001	21150000	6876	32	6908
Chr1_423	21100001	21200000	5863	18	5881
Chr1_424	21150001	21250000	3272	3	3275
Chr1_425	21200001	21300000	4143	14	4157
Chr1_426	21250001	21350000	7210	29	7239
Chr1_427	21300001	21400000	10109	37	10146
Chr1_428	21350001	21450000	10455	31	10486
Chr1_429	21400001	21500000	8998	18	9016
Chr1_430	21450001	21550000	7504	18	7522
Chr1_431	21500001	21600000	6742	19	6761
Chr1_432	21550001	21650000	7931	20	7951
Chr1_433	21600001	21700000	10534	18	10552
Chr1_434	21650001	21750000	11427	15	11442
Chr1_435	21700001	21800000	8635	13	8648
Chr1_436	21750001	21850000	5556	8	5564
Chr1_437	21800001	21900000	4787	7	4794
Chr1_438	21850001	21950000	6532	10	6542
Chr1_439	21900001	22000000	7659	12	7671
Chr1_440	21950001	22050000	6220	10	6230
Chr1_441	22000001	22100000	3497	6	3503
Chr1_442	22050001	22150000	1249	2	1251
Chr1_443	22100001	22200000	220	9	229
Chr1_444	22150001	22250000	1496	18	1514
Chr1_445	22200001	22300000	4552	21	4573
Chr1_446	22250001	22350000	9214	17	9231
Chr1_447	22300001	22400000	12543	12	12555
Chr1_448	22350001	22450000	12219	12	12231
Chr1_449	22400001	22500000	10001	11	10012
Chr1_450	22450001	22550000	8967	14	8981
Chr1_451	22500001	22600000	9585	16	9601
Chr1_452	22550001	22650000	10062	17	10079
Chr1_453	22600001	22700000	10382	16	10398
Chr1_454	22650001	22750000	10609	15	10624
Chr1_455	22700001	22800000	11936	15	11951
Chr1_456	22750001	22850000	12630	14	12644
Chr1_457	22800001	22900000	12164	17	12181
Chr1_458	22850001	22950000	10928	18	10946
Chr1_459	22900001	23000000	9153	15	9168
Chr1_460	22950001	23050000	9091	15	9106
Chr1_461	23000001	23100000	10109	16	10125
Chr1_462	23050001	23150000	12040	17	12057
Chr1_463	23100001	23200000	11876	12	11888
Chr1_464	23150001	23250000	9462	9	9471
Chr1_465	23200001	23300000	7830	14	7844
Chr1_466	23250001	23350000	8412	17	8429
Chr1_467	23300001	23400000	10029	16	10045
Chr1_468	23350001	23450000	9837	15	9852
Chr1_469	23400001	23500000	8359	26	8385
Chr1_470	23450001	23550000	7097	34	7131
Chr1_471	23500001	23600000	7304	32	7336
Chr1_472	23550001	23650000	8949	24	8973
Chr1_473	23600001	23700000	10317	19	10336
Chr1_474	23650001	23750000	9683	25	9708
Chr1_475	23700001	23800000	9086	31	9117
Chr1_476	23750001	23850000	9415	112	9527
Chr1_477	23800001	23900000	9653	209	9862
Chr1_478	23850001	23950000	8621	230	8851
Chr1_479	23900001	24000000	9043	152	9195
Chr1_480	23950001	24050000	10901	48	10949
Chr1_481	24000001	24100000	11277	18	11295
Chr1_482	24050001	24150000	10376	17	10393
Chr1_483	24100001	24200000	10917	26	10943
Chr1_484	24150001	24250000	13037	32	13069
Chr1_485	24200001	24300000	12910	28	12938
Chr1_486	24250001	24350000	10422	26	10448
Chr1_487	24300001	24400000	8819	41	8860
Chr1_488	24350001	24450000	8731	57	8788
Chr1_489	24400001	24500000	8229	56	8285
Chr1_490	24450001	24550000	7382	51	7433
Chr1_491	24500001	24600000	6562	49	6611
Chr1_492	24550001	24650000	5989	42	6031
Chr1_493	24600001	24700000	5421	24	5445
Chr1_494	24650001	24750000	5395	9	5404
Chr1_495	24700001	24800000	6603	10	6613
Chr1_496	24750001	24850000	8651	13	8664
Chr1_497	24800001	24900000	8930	13	8943
Chr1_498	24850001	24950000	8080	9	8089
Chr1_499	24900001	25000000	7900	3	7903
Chr1_500	24950001	25050000	8089	19	8108
Chr1_501	25000001	25100000	8013	39	8052
Chr1_502	25050001	25150000	6096	40	6136
Chr1_503	25100001	25200000	4597	152	4749
Chr1_504	25150001	25250000	3606	263	3869
Chr1_505	25200001	25300000	4038	265	4303
Chr1_506	25250001	25350000	6045	143	6188
Chr1_507	25300001	25400000	7486	23	7509
Chr1_508	25350001	25450000	7500	30	7530
Chr1_509	25400001	25500000	5750	26	5776
Chr1_510	25450001	25550000	4443	16	4459
Chr1_511	25500001	25600000	3762	8	3770
Chr1_512	25550001	25650000	3657	4	3661
Chr1_513	25600001	25700000	3828	5	3833
Chr1_514	25650001	25750000	4446	12	4458
Chr1_515	25700001	25800000	5080	19	5099
Chr1_516	25750001	25850000	4948	18	4966
Chr1_517	25800001	25900000	3517	10	3527
Chr1_518	25850001	25950000	2933	5	2938
Chr1_519	25900001	26000000	3832	8	3840
Chr1_520	25950001	26050000	5186	10	5196
Chr1_521	26000001	26100000	7395	12	7407
Chr1_522	26050001	26150000	9561	16	9577
Chr1_523	26100001	26200000	10844	17	10861
Chr1_524	26150001	26250000	9724	13	9737
Chr1_525	26200001	26300000	7732	6	7738
Chr1_526	26250001	26350000	6811	6	6817
Chr1_527	26300001	26400000	6423	10	6433
Chr1_528	26350001	26450000	5869	10	5879
Chr1_529	26400001	26500000	5185	7	5192
Chr1_530	26450001	26550000	4678	4	4682
Chr1_531	26500001	26600000	4443	6	4449
Chr1_532	26550001	26650000	4291	8	4299
Chr1_533	26600001	26700000	4854	10	4864
Chr1_534	26650001	26750000	6860	13	6873
Chr1_535	26700001	26800000	8101	13	8114
Chr1_536	26750001	26850000	7432	9	7441
Chr1_537	26800001	26900000	5712	7	5719
Chr1_538	26850001	26950000	4696	12	4708
Chr1_539	26900001	27000000	4507	17	4524
Chr1_540	26950001	27050000	4285	14	4299
Chr1_541	27000001	27100000	4392	6	4398
Chr1_542	27050001	27150000	4353	1	4354
Chr1_543	27100001	27200000	4051	5	4056
Chr1_544	27150001	27250000	3678	11	3689
Chr1_545	27200001	27300000	3825	22	3847
Chr1_546	27250001	27350000	4199	33	4232
Chr1_547	27300001	27400000	5221	39	5260
Chr1_548	27350001	27450000	5812	36	5848
Chr1_549	27400001	27500000	5399	25	5424
Chr1_550	27450001	27550000	5207	18	5225
Chr1_551	27500001	27600000	5587	19	5606
Chr1_552	27550001	27650000	6445	21	6466
Chr1_553	27600001	27700000	5527	22	5549
Chr1_554	27650001	27750000	4555	20	4575
Chr1_555	27700001	27800000	4527	17	4544
Chr1_556	27750001	27850000	4691	14	4705
Chr1_557	27800001	27900000	4743	13	4756
Chr1_558	27850001	27950000	4243	16	4259
Chr1_559	27900001	28000000	4111	15	4126
Chr1_560	27950001	28050000	3690	14	3704
Chr1_561	28000001	28100000	3336	18	3354
Chr1_562	28050001	28150000	3280	23	3303
Chr1_563	28100001	28200000	3039	18	3057
Chr1_564	28150001	28250000	2908	7	2915
Chr1_565	28200001	28300000	2700	0	2700
Chr1_566	28250001	28350000	3396	2	3398
Chr1_567	28300001	28400000	5189	9	5198
Chr1_568	28350001	28450000	6341	35	6376
Chr1_569	28400001	28500000	6060	55	6115
Chr1_570	28450001	28550000	4732	50	4782
Chr1_571	28500001	28600000	3898	26	3924
Chr1_572	28550001	28650000	3700	6	3706
Chr1_573	28600001	28700000	3528	8	3536
Chr1_574	28650001	28750000	3289	9	3298
Chr1_575	28700001	28800000	2872	12	2884
Chr1_576	28750001	28850000	2463	13	2476
Chr1_577	28800001	28900000	1874	17	1891
Chr1_578	28850001	28950000	1585	20	1605
Chr1_579	28900001	29000000	1713	16	1729
Chr1_580	28950001	29050000	2190	13	2203
Chr1_581	29000001	29100000	3016	9	3025
Chr1_582	29050001	29150000	3943	10	3953
Chr1_583	29100001	29200000	4842	9	4851
Chr1_584	29150001	29250000	5135	9	5144
Chr1_585	29200001	29300000	4717	14	4731
Chr1_586	29250001	29350000	4305	18	4323
Chr1_587	29300001	29400000	4353	19	4372
Chr1_588	29350001	29450000	4152	15	4167
Chr1_589	29400001	29500000	4091	12	4103
Chr1_590	29450001	29550000	4050	10	4060
Chr1_591	29500001	29600000	4307	16	4323
Chr1_592	29550001	29650000	4595	24	4619
Chr1_593	29600001	29700000	4528	26	4554
Chr1_594	29650001	29750000	4710	20	4730
Chr1_595	29700001	29800000	4268	9	4277
Chr1_596	29750001	29850000	3695	4	3699
Chr1_597	29800001	29900000	3917	2	3919
Chr1_598	29850001	29950000	4804	4	4808
Chr1_599	29900001	30000000	5572	7	5579
Chr1_600	29950001	30050000	5408	40	5448
Chr1_601	30000001	30100000	4550	73	4623
Chr1_602	30050001	30150000	4373	74	4447
Chr1_603	30100001	30200000	4516	43	4559
Chr1_604	30150001	30250000	5103	34	5137
Chr1_605	30200001	30300000	5569	55	5624
Chr1_606	30250001	30350000	6046	52	6098
Chr1_607	30300001	30400000	6568	28	6596
Chr1_608	30350001	30427671	4710	3	4713
Chr2_1	1	100000	4962	1268	6230
Chr2_2	50001	150000	7856	1275	9131
Chr2_3	100001	200000	7376	26	7402
Chr2_4	150001	250000	8076	29	8105
Chr2_5	200001	300000	7491	45	7536
Chr2_6	250001	350000	7005	65	7070
Chr2_7	300001	400000	7126	64	7190
Chr2_8	350001	450000	6679	41	6720
Chr2_9	400001	500000	6288	131	6419
Chr2_10	450001	550000	5620	237	5857
Chr2_11	500001	600000	5759	241	6000
Chr2_12	550001	650000	6207	126	6333
Chr2_13	600001	700000	6983	9	6992
Chr2_14	650001	750000	8759	11	8770
Chr2_15	700001	800000	10262	14	10276
Chr2_16	750001	850000	10054	13	10067
Chr2_17	800001	900000	8154	35	8189
Chr2_18	850001	950000	6432	58	6490
Chr2_19	900001	1000000	5861	59	5920
Chr2_20	950001	1050000	6105	47	6152
Chr2_21	1000001	1100000	6276	60	6336
Chr2_22	1050001	1150000	6927	85	7012
Chr2_23	1100001	1200000	8416	77	8493
Chr2_24	1150001	1250000	9018	45	9063
Chr2_25	1200001	1300000	8204	20	8224
Chr2_26	1250001	1350000	7245	134	7379
Chr2_27	1300001	1400000	7252	300	7552
Chr2_28	1350001	1450000	7797	356	8153
Chr2_29	1400001	1500000	7376	266	7642
Chr2_30	1450001	1550000	5947	153	6100
Chr2_31	1500001	1600000	4535	183	4718
Chr2_32	1550001	1650000	3018	205	3223
Chr2_33	1600001	1700000	1697	143	1840
Chr2_34	1650001	1750000	713	54	767
Chr2_35	1700001	1800000	0	0	0
Chr2_36	1750001	1850000	0	0	0
Chr2_37	1800001	1900000	128	4	132
Chr2_38	1850001	1950000	375	11	386
Chr2_39	1900001	2000000	617	29	646
Chr2_40	1950001	2050000	616	38	654
Chr2_41	2000001	2100000	853	167	1020
Chr2_42	2050001	2150000	1200	288	1488
Chr2_43	2100001	2200000	3693	292	3985
Chr2_44	2150001	2250000	6462	172	6634
Chr2_45	2200001	2300000	7884	59	7943
Chr2_46	2250001	2350000	8328	80	8408
Chr2_47	2300001	2400000	8201	89	8290
Chr2_48	2350001	2450000	8894	79	8973
Chr2_49	2400001	2500000	8602	57	8659
Chr2_50	2450001	2550000	7652	121	7773
Chr2_51	2500001	2600000	7351	203	7554
Chr2_52	2550001	2650000	8138	368	8506
Chr2_53	2600001	2700000	9899	472	10371
Chr2_54	2650001	2750000	12369	554	12923
Chr2_55	2700001	2800000	15265	526	15791
Chr2_56	2750001	2850000	16233	336	16569
Chr2_57	2800001	2900000	15012	158	15170
Chr2_58	2850001	2950000	12195	13	12208
Chr2_59	2900001	3000000	0	0	0
Chr2_60	2950001	3050000	0	0	0
Chr2_61	3000001	3100000	0	0	0
Chr2_62	3050001	3150000	0	0	0
Chr2_63	3100001	3200000	0	0	0
Chr2_64	3150001	3250000	0	0	0
Chr2_65	3200001	3300000	0	0	0
Chr2_66	3250001	3350000	0	0	0
Chr2_67	3300001	3400000	0	0	0
Chr2_68	3350001	3450000	0	0	0
Chr2_69	3400001	3500000	0	0	0
Chr2_70	3450001	3550000	0	0	0
Chr2_71	3500001	3600000	0	0	0
Chr2_72	3550001	3650000	0	0	0
Chr2_73	3600001	3700000	0	0	0
Chr2_74	3650001	3750000	0	0	0
Chr2_75	3700001	3800000	0	0	0
Chr2_76	3750001	3850000	0	0	0
Chr2_77	3800001	3900000	0	0	0
Chr2_78	3850001	3950000	0	0	0
Chr2_79	3900001	4000000	0	0	0
Chr2_80	3950001	4050000	0	0	0
Chr2_81	4000001	4100000	0	0	0
Chr2_82	4050001	4150000	0	0	0
Chr2_83	4100001	4200000	0	0	0
Chr2_84	4150001	4250000	0	0	0
Chr2_85	4200001	4300000	0	0	0
Chr2_86	4250001	4350000	0	0	0
Chr2_87	4300001	4400000	0	0	0
Chr2_88	4350001	4450000	0	0	0
Chr2_89	4400001	4500000	0	0	0
Chr2_90	4450001	4550000	0	0	0
Chr2_91	4500001	4600000	0	0	0
Chr2_92	4550001	4650000	0	0	0
Chr2_93	4600001	4700000	0	0	0
Chr2_94	4650001	4750000	0	0	0
Chr2_95	4700001	4800000	0	0	0
Chr2_96	4750001	4850000	12307	571	12878
Chr2_97	4800001	4900000	10643	409	11052
Chr2_98	4850001	4950000	10756	262	11018
Chr2_99	4900001	5000000	11655	505	12160
Chr2_100	4950001	5050000	13327	710	14037
Chr2_101	5000001	5100000	13570	681	14251
Chr2_102	5050001	5150000	12447	435	12882
Chr2_103	5100001	5200000	11261	157	11418
Chr2_104	5150001	5250000	9008	137	9145
Chr2_105	5200001	5300000	9052	139	9191
Chr2_106	5250001	5350000	11913	163	12076
Chr2_107	5300001	5400000	16730	608	17338
Chr2_108	5350001	5450000	19739	1147	20886
Chr2_109	5400001	5500000	17730	1246	18976
Chr2_110	5450001	5550000	12919	784	13703
Chr2_111	5500001	5600000	8823	211	9034
Chr2_112	5550001	5650000	8772	52	8824
Chr2_113	5600001	5700000	11369	29	11398
Chr2_114	5650001	5750000	13826	28	13854
Chr2_115	5700001	5800000	14186	29	14215
Chr2_116	5750001	5850000	15205	1079	16284
Chr2_117	5800001	5900000	17564	2483	20047
Chr2_118	5850001	5950000	17918	2843	20761
Chr2_119	5900001	6000000	14695	1795	16490
Chr2_120	5950001	6050000	10292	424	10716
Chr2_121	6000001	6100000	8515	339	8854
Chr2_122	6050001	6150000	8243	574	8817
Chr2_123	6100001	6200000	7223	536	7759
Chr2_124	6150001	6250000	6123	258	6381
Chr2_125	6200001	6300000	5626	16	5642
Chr2_126	6250001	6350000	5762	10	5772
Chr2_127	6300001	6400000	7373	200	7573
Chr2_128	6350001	6450000	9271	402	9673
Chr2_129	6400001	6500000	10314	421	10735
Chr2_130	6450001	6550000	9447	243	9690
Chr2_131	6500001	6600000	8606	48	8654
Chr2_132	6550001	6650000	7879	33	7912
Chr2_133	6600001	6700000	7981	270	8251
Chr2_134	6650001	6750000	8414	513	8927
Chr2_135	6700001	6800000	8402	782	9184
Chr2_136	6750001	6850000	8210	800	9010
Chr2_137	6800001	6900000	8761	555	9316
Chr2_138	6850001	6950000	9541	293	9834
Chr2_139	6900001	7000000	8907	24	8931
Chr2_140	6950001	7050000	8050	23	8073
Chr2_141	7000001	7100000	6768	19	6787
Chr2_142	7050001	7150000	6212	17	6229
Chr2_143	7100001	7200000	6007	17	6024
Chr2_144	7150001	7250000	6252	17	6269
Chr2_145	7200001	7300000	6214	16	6230
Chr2_146	7250001	7350000	5466	12	5478
Chr2_147	7300001	7400000	5565	11	5576
Chr2_148	7350001	7450000	6683	12	6695
Chr2_149	7400001	7500000	7186	13	7199
Chr2_150	7450001	7550000	7408	14	7422
Chr2_151	7500001	7600000	7872	21	7893
Chr2_152	7550001	7650000	8150	25	8175
Chr2_153	7600001	7700000	6735	20	6755
Chr2_154	7650001	7750000	4439	11	4450
Chr2_155	7700001	7800000	2975	249	3224
Chr2_156	7750001	7850000	2429	929	3358
Chr2_157	7800001	7900000	2974	2056	5030
Chr2_158	7850001	7950000	3283	2877	6160
Chr2_159	7900001	8000000	3090	2984	6074
Chr2_160	7950001	8050000	2398	2385	4783
Chr2_161	8000001	8100000	1515	1522	3037
Chr2_162	8050001	8150000	1016	987	2003
Chr2_163	8100001	8200000	920	837	1757
Chr2_164	8150001	8250000	1198	1111	2309
Chr2_165	8200001	8300000	1548	1528	3076
Chr2_166	8250001	8350000	2053	2040	4093
Chr2_167	8300001	8400000	2608	2575	5183
Chr2_168	8350001	8450000	3510	3191	6701
Chr2_169	8400001	8500000	4121	3488	7609
Chr2_170	8450001	8550000	4652	3673	8325
Chr2_171	8500001	8600000	5490	4304	9794
Chr2_172	8550001	8650000	5920	4801	10721
Chr2_173	8600001	8700000	5232	4339	9571
Chr2_174	8650001	8750000	3400	2950	6350
Chr2_175	8700001	8800000	1963	1786	3749
Chr2_176	8750001	8850000	2175	1893	4068
Chr2_177	8800001	8900000	2619	2070	4689
Chr2_178	8850001	8950000	2418	1844	4262
Chr2_179	8900001	9000000	1927	1696	3623
Chr2_180	8950001	9050000	1552	1648	3200
Chr2_181	9000001	9100000	2309	2424	4733
Chr2_182	9050001	9150000	2786	2851	5637
Chr2_183	9100001	9200000	2681	2677	5358
Chr2_184	9150001	9250000	1879	1846	3725
Chr2_185	9200001	9300000	783	723	1506
Chr2_186	9250001	9350000	745	703	1448
Chr2_187	9300001	9400000	1142	1100	2242
Chr2_188	9350001	9450000	1686	1619	3305
Chr2_189	9400001	9500000	1904	1772	3676
Chr2_190	9450001	9550000	1927	1801	3728
Chr2_191	9500001	9600000	2113	2073	4186
Chr2_192	9550001	9650000	2218	2270	4488
Chr2_193	9600001	9700000	2274	2305	4579
Chr2_194	9650001	9750000	2761	2651	5412
Chr2_195	9700001	9800000	3143	3066	6209
Chr2_196	9750001	9850000	2895	2912	5807
Chr2_197	9800001	9900000	2094	2227	4321
Chr2_198	9850001	9950000	1463	1603	3066
Chr2_199	9900001	10000000	1786	1847	3633
Chr2_200	9950001	10050000	2353	2388	4741
Chr2_201	10000001	10100000	2790	2851	5641
Chr2_202	10050001	10150000	3035	3182	6217
Chr2_203	10100001	10200000	3296	3311	6607
Chr2_204	10150001	10250000	3963	3563	7526
Chr2_205	10200001	10300000	4473	3669	8142
Chr2_206	10250001	10350000	4206	3327	7533
Chr2_207	10300001	10400000	3113	2478	5591
Chr2_208	10350001	10450000	2025	1585	3610
Chr2_209	10400001	10500000	2562	1374	3936
Chr2_210	10450001	10550000	4186	2046	6232
Chr2_211	10500001	10600000	5466	2847	8313
Chr2_212	10550001	10650000	5156	3183	8339
Chr2_213	10600001	10700000	4074	3236	7310
Chr2_214	10650001	10750000	3610	3351	6961
Chr2_215	10700001	10800000	3131	3149	6280
Chr2_216	10750001	10850000	2275	2212	4487
Chr2_217	10800001	10900000	1114	1116	2230
Chr2_218	10850001	10950000	482	486	968
Chr2_219	10900001	11000000	323	283	606
Chr2_220	10950001	11050000	485	409	894
Chr2_221	11000001	11100000	1068	909	1977
Chr2_222	11050001	11150000	1677	1499	3176
Chr2_223	11100001	11200000	1875	1736	3611
Chr2_224	11150001	11250000	2004	1856	3860
Chr2_225	11200001	11300000	2361	2167	4528
Chr2_226	11250001	11350000	2546	2348	4894
Chr2_227	11300001	11400000	2455	2403	4858
Chr2_228	11350001	11450000	2145	2239	4384
Chr2_229	11400001	11500000	2475	2584	5059
Chr2_230	11450001	11550000	3159	3260	6419
Chr2_231	11500001	11600000	3430	3495	6925
Chr2_232	11550001	11650000	3430	3475	6905
Chr2_233	11600001	11700000	3463	3420	6883
Chr2_234	11650001	11750000	3864	3723	7587
Chr2_235	11700001	11800000	4058	3822	7880
Chr2_236	11750001	11850000	3666	3300	6966
Chr2_237	11800001	11900000	2970	2576	5546
Chr2_238	11850001	11950000	2518	2303	4821
Chr2_239	11900001	12000000	2091	2165	4256
Chr2_240	11950001	12050000	1514	1681	3195
Chr2_241	12000001	12100000	1014	998	2012
Chr2_242	12050001	12150000	1196	914	2110
Chr2_243	12100001	12200000	1834	1488	3322
Chr2_244	12150001	12250000	2084	1865	3949
Chr2_245	12200001	12300000	2056	2072	4128
Chr2_246	12250001	12350000	2508	2482	4990
Chr2_247	12300001	12400000	3854	3511	7365
Chr2_248	12350001	12450000	4885	4217	9102
Chr2_249	12400001	12500000	4891	4215	9106
Chr2_250	12450001	12550000	4290	3803	8093
Chr2_251	12500001	12600000	3849	3436	7285
Chr2_252	12550001	12650000	4274	3680	7954
Chr2_253	12600001	12700000	4652	3954	8606
Chr2_254	12650001	12750000	4466	3955	8421
Chr2_255	12700001	12800000	3837	3512	7349
Chr2_256	12750001	12850000	3173	3031	6204
Chr2_257	12800001	12900000	2999	2845	5844
Chr2_258	12850001	12950000	3165	2988	6153
Chr2_259	12900001	13000000	3508	3311	6819
Chr2_260	12950001	13050000	3498	3308	6806
Chr2_261	13000001	13100000	3019	2887	5906
Chr2_262	13050001	13150000	2253	2119	4372
Chr2_263	13100001	13200000	1790	1663	3453
Chr2_264	13150001	13250000	1690	1648	3338
Chr2_265	13200001	13300000	1758	1813	3571
Chr2_266	13250001	13350000	1673	1750	3423
Chr2_267	13300001	13400000	1209	1277	2486
Chr2_268	13350001	13450000	677	683	1360
Chr2_269	13400001	13500000	474	362	836
Chr2_270	13450001	13550000	795	641	1436
Chr2_271	13500001	13600000	1218	1073	2291
Chr2_272	13550001	13650000	1672	1621	3293
Chr2_273	13600001	13700000	2024	2002	4026
Chr2_274	13650001	13750000	2179	2101	4280
Chr2_275	13700001	13800000	2814	2846	5660
Chr2_276	13750001	13850000	3296	3471	6767
Chr2_277	13800001	13900000	3793	3813	7606
Chr2_278	13850001	13950000	3724	3347	7071
Chr2_279	13900001	14000000	3035	2596	5631
Chr2_280	13950001	14050000	2680	2562	5242
Chr2_281	14000001	14100000	2362	2532	4894
Chr2_282	14050001	14150000	2117	2243	4360
Chr2_283	14100001	14200000	1396	1398	2794
Chr2_284	14150001	14250000	1393	1244	2637
Chr2_285	14200001	14300000	2133	1854	3987
Chr2_286	14250001	14350000	2699	2417	5116
Chr2_287	14300001	14400000	2637	2336	4973
Chr2_288	14350001	14450000	2293	1989	4282
Chr2_289	14400001	14500000	2401	2060	4461
Chr2_290	14450001	14550000	2178	1936	4114
Chr2_291	14500001	14600000	1774	1654	3428
Chr2_292	14550001	14650000	2010	1940	3950
Chr2_293	14600001	14700000	2294	2282	4576
Chr2_294	14650001	14750000	2484	2431	4915
Chr2_295	14700001	14800000	2248	2144	4392
Chr2_296	14750001	14850000	1978	1844	3822
Chr2_297	14800001	14900000	2047	1969	4016
Chr2_298	14850001	14950000	1987	2143	4130
Chr2_299	14900001	15000000	2188	2439	4627
Chr2_300	14950001	15050000	2361	2498	4859
Chr2_301	15000001	15100000	2360	2281	4641
Chr2_302	15050001	15150000	2069	1909	3978
Chr2_303	15100001	15200000	1774	1749	3523
Chr2_304	15150001	15250000	1694	1749	3443
Chr2_305	15200001	15300000	1871	1982	3853
Chr2_306	15250001	15350000	1985	2052	4037
Chr2_307	15300001	15400000	1874	1859	3733
Chr2_308	15350001	15450000	1948	2003	3951
Chr2_309	15400001	15500000	2121	2241	4362
Chr2_310	15450001	15550000	1926	2055	3981
Chr2_311	15500001	15600000	1163	1205	2368
Chr2_312	15550001	15650000	509	470	979
Chr2_313	15600001	15700000	794	750	1544
Chr2_314	15650001	15750000	1565	1498	3063
Chr2_315	15700001	15800000	2054	2008	4062
Chr2_316	15750001	15850000	1895	1918	3813
Chr2_317	15800001	15900000	1281	1341	2622
Chr2_318	15850001	15950000	1405	1532	2937
Chr2_319	15900001	16000000	2028	2177	4205
Chr2_320	15950001	16050000	2446	2518	4964
Chr2_321	16000001	16100000	2347	2325	4672
Chr2_322	16050001	16150000	1983	1944	3927
Chr2_323	16100001	16200000	2125	2194	4319
Chr2_324	16150001	16250000	2469	2493	4962
Chr2_325	16200001	16300000	2795	2648	5443
Chr2_326	16250001	16350000	2865	2683	5548
Chr2_327	16300001	16400000	2495	2548	5043
Chr2_328	16350001	16450000	1809	2093	3902
Chr2_329	16400001	16500000	1287	1514	2801
Chr2_330	16450001	16550000	1275	1345	2620
Chr2_331	16500001	16600000	1675	1631	3306
Chr2_332	16550001	16650000	2066	2044	4110
Chr2_333	16600001	16700000	1955	1962	3917
Chr2_334	16650001	16750000	1683	1736	3419
Chr2_335	16700001	16800000	1750	1973	3723
Chr2_336	16750001	16850000	2093	2334	4427
Chr2_337	16800001	16900000	2465	2630	5095
Chr2_338	16850001	16950000	2488	2470	4958
Chr2_339	16900001	17000000	2139	2001	4140
Chr2_340	16950001	17050000	1768	1695	3463
Chr2_341	17000001	17100000	1387	1343	2730
Chr2_342	17050001	17150000	1222	1172	2394
Chr2_343	17100001	17200000	1286	1194	2480
Chr2_344	17150001	17250000	1989	1741	3730
Chr2_345	17200001	17300000	2960	2683	5643
Chr2_346	17250001	17350000	3156	2949	6105
Chr2_347	17300001	17400000	2881	2607	5488
Chr2_348	17350001	17450000	2491	2110	4601
Chr2_349	17400001	17500000	2082	1637	3719
Chr2_350	17450001	17550000	1613	1079	2692
Chr2_351	17500001	17600000	1556	433	1989
Chr2_352	17550001	17650000	2349	136	2485
Chr2_353	17600001	17700000	3402	65	3467
Chr2_354	17650001	17750000	3447	12	3459
Chr2_355	17700001	17800000	3016	7	3023
Chr2_356	17750001	17850000	3037	5	3042
Chr2_357	17800001	17900000	3543	10	3553
Chr2_358	17850001	17950000	5133	71	5204
Chr2_359	17900001	18000000	5718	127	5845
Chr2_360	17950001	18050000	5761	122	5883
Chr2_361	18000001	18100000	4864	60	4924
Chr2_362	18050001	18150000	3427	0	3427
Chr2_363	18100001	18200000	2861	0	2861
Chr2_364	18150001	18250000	3272	1	3273
Chr2_365	18200001	18300000	4953	4	4957
Chr2_366	18250001	18350000	5736	7	5743
Chr2_367	18300001	18400000	5261	7	5268
Chr2_368	18350001	18450000	4243	4	4247
Chr2_369	18400001	18500000	3567	1	3568
Chr2_370	18450001	18550000	3051	1	3052
Chr2_371	18500001	18600000	2705	3	2708
Chr2_372	18550001	18650000	2761	6	2767
Chr2_373	18600001	18700000	3059	8	3067
Chr2_374	18650001	18750000	3275	7	3282
Chr2_375	18700001	18800000	3442	7	3449
Chr2_376	18750001	18850000	3475	7	3482
Chr2_377	18800001	18900000	3345	6	3351
Chr2_378	18850001	18950000	3242	3	3245
Chr2_379	18900001	19000000	3169	0	3169
Chr2_380	18950001	19050000	3727	2	3729
Chr2_381	19000001	19100000	4088	6	4094
Chr2_382	19050001	19150000	3522	8	3530
Chr2_383	19100001	19200000	2165	6	2171
Chr2_384	19150001	19250000	1218	3	1221
Chr2_385	19200001	19300000	1532	2	1534
Chr2_386	19250001	19350000	2431	2	2433
Chr2_387	19300001	19400000	3216	3	3219
Chr2_388	19350001	19450000	3697	4	3701
Chr2_389	19400001	19500000	3924	57	3981
Chr2_390	19450001	19550000	4041	108	4149
Chr2_391	19500001	19600000	4038	108	4146
Chr2_392	19550001	19650000	3771	106	3877
Chr2_393	19600001	19698289	2344	53	2397
Chr3_1	1	100000	2786	6	2792
Chr3_2	50001	150000	3727	10	3737
Chr3_3	100001	200000	3374	11	3385
Chr3_4	150001	250000	3643	11	3654
Chr3_5	200001	300000	4850	10	4860
Chr3_6	250001	350000	5750	8	5758
Chr3_7	300001	400000	5581	3	5584
Chr3_8	350001	450000	4590	0	4590
Chr3_9	400001	500000	3562	1	3563
Chr3_10	450001	550000	3215	2	3217
Chr3_11	500001	600000	3521	2	3523
Chr3_12	550001	650000	4499	3	4502
Chr3_13	600001	700000	5112	4	5116
Chr3_14	650001	750000	4217	5	4222
Chr3_15	700001	800000	2937	4	2941
Chr3_16	750001	850000	2327	2	2329
Chr3_17	800001	900000	2222	1	2223
Chr3_18	850001	950000	2634	2	2636
Chr3_19	900001	1000000	3732	5	3737
Chr3_20	950001	1050000	4867	7	4874
Chr3_21	1000001	1100000	5114	9	5123
Chr3_22	1050001	1150000	4293	10	4303
Chr3_23	1100001	1200000	3769	10	3779
Chr3_24	1150001	1250000	3809	9	3818
Chr3_25	1200001	1300000	3872	7	3879
Chr3_26	1250001	1350000	3846	5	3851
Chr3_27	1300001	1400000	3558	3	3561
Chr3_28	1350001	1450000	3381	2	3383
Chr3_29	1400001	1500000	3697	4	3701
Chr3_30	1450001	1550000	4727	6	4733
Chr3_31	1500001	1600000	6411	9	6420
Chr3_32	1550001	1650000	7032	10	7042
Chr3_33	1600001	1700000	5513	8	5521
Chr3_34	1650001	1750000	3511	6	3517
Chr3_35	1700001	1800000	2792	4	2796
Chr3_36	1750001	1850000	2697	3	2700
Chr3_37	1800001	1900000	1794	1	1795
Chr3_38	1850001	1950000	528	0	528
Chr3_39	1900001	2000000	162	0	162
Chr3_40	1950001	2050000	1162	0	1162
Chr3_41	2000001	2100000	2800	1	2801
Chr3_42	2050001	2150000	3687	2	3689
Chr3_43	2100001	2200000	3598	3	3601
Chr3_44	2150001	2250000	3211	3	3214
Chr3_45	2200001	2300000	3676	5	3681
Chr3_46	2250001	2350000	4060	7	4067
Chr3_47	2300001	2400000	3823	8	3831
Chr3_48	2350001	2450000	3238	7	3245
Chr3_49	2400001	2500000	2592	5	2597
Chr3_50	2450001	2550000	2258	4	2262
Chr3_51	2500001	2600000	1789	2	1791
Chr3_52	2550001	2650000	1713	2	1715
Chr3_53	2600001	2700000	2139	3	2142
Chr3_54	2650001	2750000	2879	4	2883
Chr3_55	2700001	2800000	3251	30	3281
Chr3_56	2750001	2850000	3841	56	3897
Chr3_57	2800001	2900000	4561	78	4639
Chr3_58	2850001	2950000	4293	75	4368
Chr3_59	2900001	3000000	3261	49	3310
Chr3_60	2950001	3050000	2330	27	2357
Chr3_61	3000001	3100000	3538	5	3543
Chr3_62	3050001	3150000	5283	5	5288
Chr3_63	3100001	3200000	5462	5	5467
Chr3_64	3150001	3250000	3881	3	3884
Chr3_65	3200001	3300000	2680	5	2685
Chr3_66	3250001	3350000	3599	11	3610
Chr3_67	3300001	3400000	5499	15	5514
Chr3_68	3350001	3450000	7054	94	7148
Chr3_69	3400001	3500000	7093	171	7264
Chr3_70	3450001	3550000	6143	171	6314
Chr3_71	3500001	3600000	4743	90	4833
Chr3_72	3550001	3650000	3895	7	3902
Chr3_73	3600001	3700000	3372	5	3377
Chr3_74	3650001	3750000	2630	4	2634
Chr3_75	3700001	3800000	2169	3	2172
Chr3_76	3750001	3850000	2221	3	2224
Chr3_77	3800001	3900000	2396	4	2400
Chr3_78	3850001	3950000	2201	5	2206
Chr3_79	3900001	4000000	2204	5	2209
Chr3_80	3950001	4050000	2849	5	2854
Chr3_81	4000001	4100000	3703	5	3708
Chr3_82	4050001	4150000	3661	3	3664
Chr3_83	4100001	4200000	2813	1	2814
Chr3_84	4150001	4250000	5218	5	5223
Chr3_85	4200001	4300000	8392	11	8403
Chr3_86	4250001	4350000	9031	14	9045
Chr3_87	4300001	4400000	6675	11	6686
Chr3_88	4350001	4450000	4099	5	4104
Chr3_89	4400001	4500000	4864	3	4867
Chr3_90	4450001	4550000	5360	4	5364
Chr3_91	4500001	4600000	5371	9	5380
Chr3_92	4550001	4650000	4561	11	4572
Chr3_93	4600001	4700000	3659	8	3667
Chr3_94	4650001	4750000	3428	62	3490
Chr3_95	4700001	4800000	3248	118	3366
Chr3_96	4750001	4850000	3414	126	3540
Chr3_97	4800001	4900000	3127	77	3204
Chr3_98	4850001	4950000	2488	20	2508
Chr3_99	4900001	5000000	1866	13	1879
Chr3_100	4950001	5050000	1715	4	1719
Chr3_101	5000001	5100000	2080	2	2082
Chr3_102	5050001	5150000	2327	8	2335
Chr3_103	5100001	5200000	2823	16	2839
Chr3_104	5150001	5250000	3983	151	4134
Chr3_105	5200001	5300000	5422	279	5701
Chr3_106	5250001	5350000	6189	275	6464
Chr3_107	5300001	5400000	5505	143	5648
Chr3_108	5350001	5450000	4326	9	4335
Chr3_109	5400001	5500000	3618	5	3623
Chr3_110	5450001	5550000	4267	7	4274
Chr3_111	5500001	5600000	5593	13	5606
Chr3_112	5550001	5650000	6235	15	6250
Chr3_113	5600001	5700000	5618	11	5629
Chr3_114	5650001	5750000	3912	4	3916
Chr3_115	5700001	5800000	2766	1	2767
Chr3_116	5750001	5850000	2862	5	2867
Chr3_117	5800001	5900000	4124	11	4135
Chr3_118	5850001	5950000	5332	12	5344
Chr3_119	5900001	6000000	5355	8	5363
Chr3_120	5950001	6050000	4151	3	4154
Chr3_121	6000001	6100000	3094	3	3097
Chr3_122	6050001	6150000	3345	4	3349
Chr3_123	6100001	6200000	4523	6	4529
Chr3_124	6150001	6250000	5267	9	5276
Chr3_125	6200001	6300000	5112	11	5123
Chr3_126	6250001	6350000	4339	11	4350
Chr3_127	6300001	6400000	3559	9	3568
Chr3_128	6350001	6450000	3290	7	3297
Chr3_129	6400001	6500000	4149	5	4154
Chr3_130	6450001	6550000	5321	6	5327
Chr3_131	6500001	6600000	5639	7	5646
Chr3_132	6550001	6650000	5100	685	5785
Chr3_133	6600001	6700000	4075	1649	5724
Chr3_134	6650001	6750000	3169	2163	5332
Chr3_135	6700001	6800000	2227	1980	4207
Chr3_136	6750001	6850000	1749	1458	3207
Chr3_137	6800001	6900000	1614	1422	3036
Chr3_138	6850001	6950000	1521	1470	2991
Chr3_139	6900001	7000000	1742	1778	3520
Chr3_140	6950001	7050000	2134	2116	4250
Chr3_141	7000001	7100000	2311	2173	4484
Chr3_142	7050001	7150000	2383	2027	4410
Chr3_143	7100001	7200000	2427	1917	4344
Chr3_144	7150001	7250000	2470	2000	4470
Chr3_145	7200001	7300000	2556	2201	4757
Chr3_146	7250001	7350000	2639	2395	5034
Chr3_147	7300001	7400000	2876	2492	5368
Chr3_148	7350001	7450000	2878	2501	5379
Chr3_149	7400001	7500000	2528	2309	4837
Chr3_150	7450001	7550000	2326	2207	4533
Chr3_151	7500001	7600000	2258	2141	4399
Chr3_152	7550001	7650000	2388	2195	4583
Chr3_153	7600001	7700000	3034	2264	5298
Chr3_154	7650001	7750000	3907	2331	6238
Chr3_155	7700001	7800000	3992	2243	6235
Chr3_156	7750001	7850000	2991	1969	4960
Chr3_157	7800001	7900000	2027	1870	3897
Chr3_158	7850001	7950000	1785	1781	3566
Chr3_159	7900001	8000000	1813	1833	3646
Chr3_160	7950001	8050000	1908	2020	3928
Chr3_161	8000001	8100000	2526	2524	5050
Chr3_162	8050001	8150000	3250	3062	6312
Chr3_163	8100001	8200000	3367	3142	6509
Chr3_164	8150001	8250000	2897	2877	5774
Chr3_165	8200001	8300000	2443	2760	5203
Chr3_166	8250001	8350000	2735	3171	5906
Chr3_167	8300001	8400000	3582	3926	7508
Chr3_168	8350001	8450000	4155	4215	8370
Chr3_169	8400001	8500000	3726	3589	7315
Chr3_170	8450001	8550000	2694	2614	5308
Chr3_171	8500001	8600000	2044	1976	4020
Chr3_172	8550001	8650000	1892	1778	3670
Chr3_173	8600001	8700000	1719	1582	3301
Chr3_174	8650001	8750000	1571	1442	3013
Chr3_175	8700001	8800000	1366	1280	2646
Chr3_176	8750001	8850000	1435	1331	2766
Chr3_177	8800001	8900000	1805	1812	3617
Chr3_178	8850001	8950000	2983	3228	6211
Chr3_179	8900001	9000000	4636	4622	9258
Chr3_180	8950001	9050000	5069	4583	9652
Chr3_181	9000001	9100000	4589	3877	8466
Chr3_182	9050001	9150000	3886	3529	7415
Chr3_183	9100001	9200000	3770	3815	7585
Chr3_184	9150001	9250000	3782	3656	7438
Chr3_185	9200001	9300000	3508	3069	6577
Chr3_186	9250001	9350000	3385	2863	6248
Chr3_187	9300001	9400000	3101	2787	5888
Chr3_188	9350001	9450000	2850	2720	5570
Chr3_189	9400001	9500000	2828	2845	5673
Chr3_190	9450001	9550000	3331	3266	6597
Chr3_191	9500001	9600000	4511	3954	8465
Chr3_192	9550001	9650000	5794	4729	10523
Chr3_193	9600001	9700000	6186	5109	11295
Chr3_194	9650001	9750000	5109	4546	9655
Chr3_195	9700001	9800000	3583	3427	7010
Chr3_196	9750001	9850000	2745	2701	5446
Chr3_197	9800001	9900000	3151	3172	6323
Chr3_198	9850001	9950000	4162	4067	8229
Chr3_199	9900001	10000000	4529	4116	8645
Chr3_200	9950001	10050000	3925	3316	7241
Chr3_201	10000001	10100000	3175	2700	5875
Chr3_202	10050001	10150000	3815	3594	7409
Chr3_203	10100001	10200000	4808	4576	9384
Chr3_204	10150001	10250000	4411	4026	8437
Chr3_205	10200001	10300000	2921	2475	5396
Chr3_206	10250001	10350000	2290	1978	4268
Chr3_207	10300001	10400000	2785	2728	5513
Chr3_208	10350001	10450000	3494	3516	7010
Chr3_209	10400001	10500000	3770	3949	7719
Chr3_210	10450001	10550000	3555	3800	7355
Chr3_211	10500001	10600000	3850	3875	7725
Chr3_212	10550001	10650000	4292	3883	8175
Chr3_213	10600001	10700000	4813	3959	8772
Chr3_214	10650001	10750000	4544	3698	8242
Chr3_215	10700001	10800000	3802	3086	6888
Chr3_216	10750001	10850000	3819	3285	7104
Chr3_217	10800001	10900000	3821	3430	7251
Chr3_218	10850001	10950000	3891	3383	7274
Chr3_219	10900001	11000000	3880	3301	7181
Chr3_220	10950001	11050000	3734	3310	7044
Chr3_221	11000001	11100000	3661	3549	7210
Chr3_222	11050001	11150000	3457	3513	6970
Chr3_223	11100001	11200000	3844	3613	7457
Chr3_224	11150001	11250000	4840	4018	8858
Chr3_225	11200001	11300000	6133	4748	10881
Chr3_226	11250001	11350000	6690	5368	12058
Chr3_227	11300001	11400000	6183	5510	11693
Chr3_228	11350001	11450000	5963	5615	11578
Chr3_229	11400001	11500000	6811	6283	13094
Chr3_230	11450001	11550000	7456	6726	14182
Chr3_231	11500001	11600000	7484	6851	14335
Chr3_232	11550001	11650000	7017	6137	13154
Chr3_233	11600001	11700000	7308	5448	12756
Chr3_234	11650001	11750000	7584	5303	12887
Chr3_235	11700001	11800000	7306	5721	13027
Chr3_236	11750001	11850000	8093	7737	15830
Chr3_237	11800001	11900000	8348	8632	16980
Chr3_238	11850001	11950000	7668	7769	15437
Chr3_239	11900001	12000000	6058	5859	11917
Chr3_240	11950001	12050000	6438	5469	11907
Chr3_241	12000001	12100000	8479	6983	15462
Chr3_242	12050001	12150000	8994	7733	16727
Chr3_243	12100001	12200000	7458	6606	14064
Chr3_244	12150001	12250000	5449	4812	10261
Chr3_245	12200001	12300000	4913	4077	8990
Chr3_246	12250001	12350000	6341	5020	11361
Chr3_247	12300001	12400000	9471	7598	17069
Chr3_248	12350001	12450000	11654	9291	20945
Chr3_249	12400001	12500000	11653	9468	21121
Chr3_250	12450001	12550000	10030	8358	18388
Chr3_251	12500001	12600000	8274	7098	15372
Chr3_252	12550001	12650000	7343	6560	13903
Chr3_253	12600001	12700000	0	0	0
Chr3_254	12650001	12750000	0	0	0
Chr3_255	12700001	12800000	0	0	0
Chr3_256	12750001	12850000	0	0	0
Chr3_257	12800001	12900000	0	0	0
Chr3_258	12850001	12950000	0	0	0
Chr3_259	12900001	13000000	0	0	0
Chr3_260	12950001	13050000	0	0	0
Chr3_261	13000001	13100000	0	0	0
Chr3_262	13050001	13150000	0	0	0
Chr3_263	13100001	13200000	0	0	0
Chr3_264	13150001	13250000	0	0	0
Chr3_265	13200001	13300000	0	0	0
Chr3_266	13250001	13350000	0	0	0
Chr3_267	13300001	13400000	0	0	0
Chr3_268	13350001	13450000	0	0	0
Chr3_269	13400001	13500000	0	0	0
Chr3_270	13450001	13550000	0	0	0
Chr3_271	13500001	13600000	0	0	0
Chr3_272	13550001	13650000	0	0	0
Chr3_273	13600001	13700000	0	0	0
Chr3_274	13650001	13750000	0	0	0
Chr3_275	13700001	13800000	0	0	0
Chr3_276	13750001	13850000	0	0	0
Chr3_277	13800001	13900000	0	0	0
Chr3_278	13850001	13950000	0	0	0
Chr3_279	13900001	14000000	0	0	0
Chr3_280	13950001	14050000	0	0	0
Chr3_281	14000001	14100000	0	0	0
Chr3_282	14050001	14150000	0	0	0
Chr3_283	14100001	14200000	0	0	0
Chr3_284	14150001	14250000	0	0	0
Chr3_285	14200001	14300000	0	0	0
Chr3_286	14250001	14350000	0	0	0
Chr3_287	14300001	14400000	0	0	0
Chr3_288	14350001	14450000	0	0	0
Chr3_289	14400001	14500000	0	0	0
Chr3_290	14450001	14550000	0	0	0
Chr3_291	14500001	14600000	0	0	0
Chr3_292	14550001	14650000	0	0	0
Chr3_293	14600001	14700000	0	0	0
Chr3_294	14650001	14750000	0	0	0
Chr3_295	14700001	14800000	0	0	0
Chr3_296	14750001	14850000	6571	6087	12658
Chr3_297	14800001	14900000	7915	6784	14699
Chr3_298	14850001	14950000	8941	6960	15901
Chr3_299	14900001	15000000	9091	6389	15480
Chr3_300	14950001	15050000	9137	6068	15205
Chr3_301	15000001	15100000	9573	6737	16310
Chr3_302	15050001	15150000	9444	7628	17072
Chr3_303	15100001	15200000	8164	6991	15155
Chr3_304	15150001	15250000	6846	5562	12408
Chr3_305	15200001	15300000	6453	4868	11321
Chr3_306	15250001	15350000	7835	6301	14136
Chr3_307	15300001	15400000	9315	7975	17290
Chr3_308	15350001	15450000	8730	7565	16295
Chr3_309	15400001	15500000	6839	5933	12772
Chr3_310	15450001	15550000	5836	4585	10421
Chr3_311	15500001	15600000	6915	5000	11915
Chr3_312	15550001	15650000	8357	4804	13161
Chr3_313	15600001	15700000	10657	3447	14104
Chr3_314	15650001	15750000	13090	1791	14881
Chr3_315	15700001	15800000	13419	594	14013
Chr3_316	15750001	15850000	11196	162	11358
Chr3_317	15800001	15900000	9455	271	9726
Chr3_318	15850001	15950000	9387	522	9909
Chr3_319	15900001	16000000	10650	529	11179
Chr3_320	15950001	16050000	11013	277	11290
Chr3_321	16000001	16100000	10433	25	10458
Chr3_322	16050001	16150000	9656	28	9684
Chr3_323	16100001	16200000	9324	149	9473
Chr3_324	16150001	16250000	9995	365	10360
Chr3_325	16200001	16300000	9898	460	10358
Chr3_326	16250001	16350000	9613	344	9957
Chr3_327	16300001	16400000	9817	140	9957
Chr3_328	16350001	16450000	10702	50	10752
Chr3_329	16400001	16500000	10623	41	10664
Chr3_330	16450001	16550000	9377	25	9402
Chr3_331	16500001	16600000	8492	13	8505
Chr3_332	16550001	16650000	9465	29	9494
Chr3_333	16600001	16700000	10819	69	10888
Chr3_334	16650001	16750000	10876	91	10967
Chr3_335	16700001	16800000	10148	164	10312
Chr3_336	16750001	16850000	9048	224	9272
Chr3_337	16800001	16900000	8398	215	8613
Chr3_338	16850001	16950000	8206	141	8347
Chr3_339	16900001	17000000	8260	54	8314
Chr3_340	16950001	17050000	8324	44	8368
Chr3_341	17000001	17100000	8576	51	8627
Chr3_342	17050001	17150000	9357	58	9415
Chr3_343	17100001	17200000	10868	56	10924
Chr3_344	17150001	17250000	11967	47	12014
Chr3_345	17200001	17300000	12522	39	12561
Chr3_346	17250001	17350000	11221	41	11262
Chr3_347	17300001	17400000	9054	33	9087
Chr3_348	17350001	17450000	8330	25	8355
Chr3_349	17400001	17500000	8696	23	8719
Chr3_350	17450001	17550000	8148	17	8165
Chr3_351	17500001	17600000	6763	11	6774
Chr3_352	17550001	17650000	5415	11	5426
Chr3_353	17600001	17700000	4525	16	4541
Chr3_354	17650001	17750000	3843	17	3860
Chr3_355	17700001	17800000	2532	11	2543
Chr3_356	17750001	17850000	1580	3	1583
Chr3_357	17800001	17900000	505	0	505
Chr3_358	17850001	17950000	58	41	99
Chr3_359	17900001	18000000	114	82	196
Chr3_360	17950001	18050000	114	82	196
Chr3_361	18000001	18100000	270	43	313
Chr3_362	18050001	18150000	1578	4	1582
Chr3_363	18100001	18200000	5000	10	5010
Chr3_364	18150001	18250000	7742	15	7757
Chr3_365	18200001	18300000	8418	21	8439
Chr3_366	18250001	18350000	7114	20	7134
Chr3_367	18300001	18400000	5471	15	5486
Chr3_368	18350001	18450000	4930	9	4939
Chr3_369	18400001	18500000	5139	4	5143
Chr3_370	18450001	18550000	6535	4	6539
Chr3_371	18500001	18600000	8875	6	8881
Chr3_372	18550001	18650000	9854	8	9862
Chr3_373	18600001	18700000	9948	34	9982
Chr3_374	18650001	18750000	9013	75	9088
Chr3_375	18700001	18800000	7220	90	7310
Chr3_376	18750001	18850000	5740	63	5803
Chr3_377	18800001	18900000	4726	22	4748
Chr3_378	18850001	18950000	5293	9	5302
Chr3_379	18900001	19000000	6201	11	6212
Chr3_380	18950001	19050000	6077	9	6086
Chr3_381	19000001	19100000	5418	6	5424
Chr3_382	19050001	19150000	5124	5	5129
Chr3_383	19100001	19200000	4619	5	4624
Chr3_384	19150001	19250000	3888	5	3893
Chr3_385	19200001	19300000	2346	3	2349
Chr3_386	19250001	19350000	1085	1	1086
Chr3_387	19300001	19400000	1199	3	1202
Chr3_388	19350001	19450000	2517	6	2523
Chr3_389	19400001	19500000	4393	9	4402
Chr3_390	19450001	19550000	5958	7	5965
Chr3_391	19500001	19600000	6611	7	6618
Chr3_392	19550001	19650000	6417	6	6423
Chr3_393	19600001	19700000	5813	9	5822
Chr3_394	19650001	19750000	5127	11	5138
Chr3_395	19700001	19800000	5332	10	5342
Chr3_396	19750001	19850000	5617	7	5624
Chr3_397	19800001	19900000	5720	5	5725
Chr3_398	19850001	19950000	5590	7	5597
Chr3_399	19900001	20000000	5387	8	5395
Chr3_400	19950001	20050000	6128	7	6135
Chr3_401	20000001	20100000	6615	6	6621
Chr3_402	20050001	20150000	6077	8	6085
Chr3_403	20100001	20200000	4607	11	4618
Chr3_404	20150001	20250000	4537	14	4551
Chr3_405	20200001	20300000	5239	13	5252
Chr3_406	20250001	20350000	5951	29	5980
Chr3_407	20300001	20400000	5629	47	5676
Chr3_408	20350001	20450000	4820	46	4866
Chr3_409	20400001	20500000	4362	25	4387
Chr3_410	20450001	20550000	4433	40	4473
Chr3_411	20500001	20600000	5206	78	5284
Chr3_412	20550001	20650000	5508	80	5588
Chr3_413	20600001	20700000	5521	42	5563
Chr3_414	20650001	20750000	6051	3	6054
Chr3_415	20700001	20800000	6653	3	6656
Chr3_416	20750001	20850000	5730	4	5734
Chr3_417	20800001	20900000	4533	6	4539
Chr3_418	20850001	20950000	3800	7	3807
Chr3_419	20900001	21000000	3949	6	3955
Chr3_420	20950001	21050000	3959	3	3962
Chr3_421	21000001	21100000	3847	3	3850
Chr3_422	21050001	21150000	3920	8	3928
Chr3_423	21100001	21200000	4014	11	4025
Chr3_424	21150001	21250000	5182	12	5194
Chr3_425	21200001	21300000	5994	11	6005
Chr3_426	21250001	21350000	5168	10	5178
Chr3_427	21300001	21400000	3606	9	3615
Chr3_428	21350001	21450000	3679	9	3688
Chr3_429	21400001	21500000	5049	10	5059
Chr3_430	21450001	21550000	5927	8	5935
Chr3_431	21500001	21600000	5779	65	5844
Chr3_432	21550001	21650000	4891	123	5014
Chr3_433	21600001	21700000	3798	123	3921
Chr3_434	21650001	21750000	2417	63	2480
Chr3_435	21700001	21800000	2124	2	2126
Chr3_436	21750001	21850000	2633	1	2634
Chr3_437	21800001	21900000	3158	1	3159
Chr3_438	21850001	21950000	2820	2	2822
Chr3_439	21900001	22000000	2583	3	2586
Chr3_440	21950001	22050000	3152	10	3162
Chr3_441	22000001	22100000	4804	20	4824
Chr3_442	22050001	22150000	5592	25	5617
Chr3_443	22100001	22200000	4530	61	4591
Chr3_444	22150001	22250000	4566	104	4670
Chr3_445	22200001	22300000	5496	110	5606
Chr3_446	22250001	22350000	6450	93	6543
Chr3_447	22300001	22400000	5973	67	6040
Chr3_448	22350001	22450000	4590	56	4646
Chr3_449	22400001	22500000	3873	65	3938
Chr3_450	22450001	22550000	2980	100	3080
Chr3_451	22500001	22600000	2901	127	3028
Chr3_452	22550001	22650000	3708	93	3801
Chr3_453	22600001	22700000	4731	32	4763
Chr3_454	22650001	22750000	4598	12	4610
Chr3_455	22700001	22800000	3335	17	3352
Chr3_456	22750001	22850000	1974	15	1989
Chr3_457	22800001	22900000	1318	10	1328
Chr3_458	22850001	22950000	1692	6	1698
Chr3_459	22900001	23000000	2184	6	2190
Chr3_460	22950001	23050000	3483	17	3500
Chr3_461	23000001	23100000	4273	37	4310
Chr3_462	23050001	23150000	4346	46	4392
Chr3_463	23100001	23200000	4431	33	4464
Chr3_464	23150001	23250000	4752	18	4770
Chr3_465	23200001	23300000	5215	17	5232
Chr3_466	23250001	23350000	5128	18	5146
Chr3_467	23300001	23400000	4877	12	4889
Chr3_468	23350001	23450000	4134	8	4142
Chr3_469	23400001	23459830	2340	6	2346
Chr4_1	1	100000	3665	19	3684
Chr4_2	50001	150000	5931	22	5953
Chr4_3	100001	200000	7552	10	7562
Chr4_4	150001	250000	8592	12	8604
Chr4_5	200001	300000	8202	9	8211
Chr4_6	250001	350000	6625	11	6636
Chr4_7	300001	400000	6279	16	6295
Chr4_8	350001	450000	7335	18	7353
Chr4_9	400001	500000	7709	12	7721
Chr4_10	450001	550000	7247	20	7267
Chr4_11	500001	600000	6632	36	6668
Chr4_12	550001	650000	7191	40	7231
Chr4_13	600001	700000	8048	30	8078
Chr4_14	650001	750000	8493	18	8511
Chr4_15	700001	800000	9274	20	9294
Chr4_16	750001	850000	8906	21	8927
Chr4_17	800001	900000	8049	19	8068
Chr4_18	850001	950000	7775	14	7789
Chr4_19	900001	1000000	8514	8	8522
Chr4_20	950001	1050000	10059	7	10066
Chr4_21	1000001	1100000	9978	8	9986
Chr4_22	1050001	1150000	9426	11	9437
Chr4_23	1100001	1200000	9272	12	9284
Chr4_24	1150001	1250000	10358	14	10372
Chr4_25	1200001	1300000	11124	18	11142
Chr4_26	1250001	1350000	10356	19	10375
Chr4_27	1300001	1400000	8833	16	8849
Chr4_28	1350001	1450000	7159	26	7185
Chr4_29	1400001	1500000	6809	39	6848
Chr4_30	1450001	1550000	7094	38	7132
Chr4_31	1500001	1600000	7009	22	7031
Chr4_32	1550001	1650000	5916	154	6070
Chr4_33	1600001	1700000	3993	336	4329
Chr4_34	1650001	1750000	3527	456	3983
Chr4_35	1700001	1800000	6484	427	6911
Chr4_36	1750001	1850000	10332	509	10841
Chr4_37	1800001	1900000	12059	847	12906
Chr4_38	1850001	1950000	12084	987	13071
Chr4_39	1900001	2000000	11820	805	12625
Chr4_40	1950001	2050000	12316	461	12777
Chr4_41	2000001	2100000	12458	267	12725
Chr4_42	2050001	2150000	11338	202	11540
Chr4_43	2100001	2200000	10018	105	10123
Chr4_44	2150001	2250000	8763	41	8804
Chr4_45	2200001	2300000	9081	54	9135
Chr4_46	2250001	2350000	11055	69	11124
Chr4_47	2300001	2400000	12679	73	12752
Chr4_48	2350001	2450000	13036	47	13083
Chr4_49	2400001	2500000	12820	15	12835
Chr4_50	2450001	2550000	11984	121	12105
Chr4_51	2500001	2600000	11345	246	11591
Chr4_52	2550001	2650000	10473	263	10736
Chr4_53	2600001	2700000	8519	154	8673
Chr4_54	2650001	2750000	7032	54	7086
Chr4_55	2700001	2800000	5538	87	5625
Chr4_56	2750001	2850000	4497	122	4619
Chr4_57	2800001	2900000	3386	112	3498
Chr4_58	2850001	2950000	3334	72	3406
Chr4_59	2900001	3000000	4742	87	4829
Chr4_60	2950001	3050000	11063	245	11308
Chr4_61	3000001	3100000	17645	379	18024
Chr4_62	3050001	3150000	17619	341	17960
Chr4_63	3100001	3200000	10663	164	10827
Chr4_64	3150001	3250000	3870	58	3928
Chr4_65	3200001	3300000	6240	108	6348
Chr4_66	3250001	3350000	11512	157	11669
Chr4_67	3300001	3400000	0	0	0
Chr4_68	3350001	3450000	0	0	0
Chr4_69	3400001	3500000	0	0	0
Chr4_70	3450001	3550000	0	0	0
Chr4_71	3500001	3600000	0	0	0
Chr4_72	3550001	3650000	0	0	0
Chr4_73	3600001	3700000	0	0	0
Chr4_74	3650001	3750000	0	0	0
Chr4_75	3700001	3800000	0	0	0
Chr4_76	3750001	3850000	0	0	0
Chr4_77	3800001	3900000	0	0	0
Chr4_78	3850001	3950000	0	0	0
Chr4_79	3900001	4000000	0	0	0
Chr4_80	3950001	4050000	0	0	0
Chr4_81	4000001	4100000	0	0	0
Chr4_82	4050001	4150000	0	0	0
Chr4_83	4100001	4200000	0	0	0
Chr4_84	4150001	4250000	0	0	0
Chr4_85	4200001	4300000	0	0	0
Chr4_86	4250001	4350000	0	0	0
Chr4_87	4300001	4400000	0	0	0
Chr4_88	4350001	4450000	0	0	0
Chr4_89	4400001	4500000	0	0	0
Chr4_90	4450001	4550000	0	0	0
Chr4_91	4500001	4600000	0	0	0
Chr4_92	4550001	4650000	0	0	0
Chr4_93	4600001	4700000	0	0	0
Chr4_94	4650001	4750000	0	0	0
Chr4_95	4700001	4800000	0	0	0
Chr4_96	4750001	4850000	0	0	0
Chr4_97	4800001	4900000	0	0	0
Chr4_98	4850001	4950000	11570	108	11678
Chr4_99	4900001	5000000	13920	174	14094
Chr4_100	4950001	5050000	15245	184	15429
Chr4_101	5000001	5100000	15023	236	15259
Chr4_102	5050001	5150000	12808	1156	13964
Chr4_103	5100001	5200000	9448	2706	12154
Chr4_104	5150001	5250000	6513	3926	10439
Chr4_105	5200001	5300000	4449	4120	8569
Chr4_106	5250001	5350000	3881	3705	7586
Chr4_107	5300001	5400000	3758	3497	7255
Chr4_108	5350001	5450000	4247	3557	7804
Chr4_109	5400001	5500000	4374	3382	7756
Chr4_110	5450001	5550000	4427	3317	7744
Chr4_111	5500001	5600000	4727	3907	8634
Chr4_112	5550001	5650000	4976	4663	9639
Chr4_113	5600001	5700000	4847	5083	9930
Chr4_114	5650001	5750000	4197	4630	8827
Chr4_115	5700001	5800000	4093	4345	8438
Chr4_116	5750001	5850000	3754	3851	7605
Chr4_117	5800001	5900000	3067	2959	6026
Chr4_118	5850001	5950000	2580	2073	4653
Chr4_119	5900001	6000000	2873	1996	4869
Chr4_120	5950001	6050000	3563	2703	6266
Chr4_121	6000001	6100000	4111	3710	7821
Chr4_122	6050001	6150000	4452	4648	9100
Chr4_123	6100001	6200000	4722	5093	9815
Chr4_124	6150001	6250000	4549	4671	9220
Chr4_125	6200001	6300000	3851	3514	7365
Chr4_126	6250001	6350000	3238	2756	5994
Chr4_127	6300001	6400000	3040	2656	5696
Chr4_128	6350001	6450000	3898	3533	7431
Chr4_129	6400001	6500000	5119	4695	9814
Chr4_130	6450001	6550000	6057	5595	11652
Chr4_131	6500001	6600000	6021	5562	11583
Chr4_132	6550001	6650000	5424	4904	10328
Chr4_133	6600001	6700000	5203	4740	9943
Chr4_134	6650001	6750000	5246	5066	10312
Chr4_135	6700001	6800000	4917	5020	9937
Chr4_136	6750001	6850000	4175	4330	8505
Chr4_137	6800001	6900000	3755	3779	7534
Chr4_138	6850001	6950000	4427	4342	8769
Chr4_139	6900001	7000000	5192	4941	10133
Chr4_140	6950001	7050000	5526	5111	10637
Chr4_141	7000001	7100000	5459	4875	10334
Chr4_142	7050001	7150000	5660	5026	10686
Chr4_143	7100001	7200000	6140	5570	11710
Chr4_144	7150001	7250000	5522	4993	10515
Chr4_145	7200001	7300000	4326	4001	8327
Chr4_146	7250001	7350000	3195	3033	6228
Chr4_147	7300001	7400000	2802	2657	5459
Chr4_148	7350001	7450000	2800	2663	5463
Chr4_149	7400001	7500000	3243	3099	6342
Chr4_150	7450001	7550000	4160	3919	8079
Chr4_151	7500001	7600000	5062	4483	9545
Chr4_152	7550001	7650000	5266	4516	9782
Chr4_153	7600001	7700000	4677	4346	9023
Chr4_154	7650001	7750000	4221	4287	8508
Chr4_155	7700001	7800000	4093	4071	8164
Chr4_156	7750001	7850000	4676	4319	8995
Chr4_157	7800001	7900000	5598	4202	9800
Chr4_158	7850001	7950000	6591	3121	9712
Chr4_159	7900001	8000000	8579	1515	10094
Chr4_160	7950001	8050000	10497	270	10767
Chr4_161	8000001	8100000	11757	35	11792
Chr4_162	8050001	8150000	11723	28	11751
Chr4_163	8100001	8200000	10071	14	10085
Chr4_164	8150001	8250000	9407	7	9414
Chr4_165	8200001	8300000	9113	7	9120
Chr4_166	8250001	8350000	9629	11	9640
Chr4_167	8300001	8400000	9214	14	9228
Chr4_168	8350001	8450000	7480	36	7516
Chr4_169	8400001	8500000	6382	54	6436
Chr4_170	8450001	8550000	8431	57	8488
Chr4_171	8500001	8600000	11332	41	11373
Chr4_172	8550001	8650000	10729	18	10747
Chr4_173	8600001	8700000	7650	11	7661
Chr4_174	8650001	8750000	5653	3	5656
Chr4_175	8700001	8800000	7733	6	7739
Chr4_176	8750001	8850000	9028	11	9039
Chr4_177	8800001	8900000	8444	13	8457
Chr4_178	8850001	8950000	6883	33	6916
Chr4_179	8900001	9000000	5886	59	5945
Chr4_180	8950001	9050000	6621	72	6693
Chr4_181	9000001	9100000	7799	57	7856
Chr4_182	9050001	9150000	9853	29	9882
Chr4_183	9100001	9200000	10283	15	10298
Chr4_184	9150001	9250000	8448	7	8455
Chr4_185	9200001	9300000	5639	5	5644
Chr4_186	9250001	9350000	4069	5	4074
Chr4_187	9300001	9400000	6243	61	6304
Chr4_188	9350001	9450000	9149	116	9265
Chr4_189	9400001	9500000	10476	116	10592
Chr4_190	9450001	9550000	10267	63	10330
Chr4_191	9500001	9600000	8869	9	8878
Chr4_192	9550001	9650000	8756	9	8765
Chr4_193	9600001	9700000	8977	8	8985
Chr4_194	9650001	9750000	8871	7	8878
Chr4_195	9700001	9800000	8303	7	8310
Chr4_196	9750001	9850000	7162	6	7168
Chr4_197	9800001	9900000	6720	6	6726
Chr4_198	9850001	9950000	6327	14	6341
Chr4_199	9900001	10000000	6272	23	6295
Chr4_200	9950001	10050000	6699	23	6722
Chr4_201	10000001	10100000	7679	16	7695
Chr4_202	10050001	10150000	8356	12	8368
Chr4_203	10100001	10200000	7924	16	7940
Chr4_204	10150001	10250000	7055	23	7078
Chr4_205	10200001	10300000	6762	24	6786
Chr4_206	10250001	10350000	7054	19	7073
Chr4_207	10300001	10400000	9133	13	9146
Chr4_208	10350001	10450000	11473	11	11484
Chr4_209	10400001	10500000	11293	14	11307
Chr4_210	10450001	10550000	9176	14	9190
Chr4_211	10500001	10600000	9534	16	9550
Chr4_212	10550001	10650000	12209	19	12228
Chr4_213	10600001	10700000	12390	17	12407
Chr4_214	10650001	10750000	8804	9	8813
Chr4_215	10700001	10800000	5929	6	5935
Chr4_216	10750001	10850000	7379	10	7389
Chr4_217	10800001	10900000	10135	19	10154
Chr4_218	10850001	10950000	11893	26	11919
Chr4_219	10900001	11000000	12507	32	12539
Chr4_220	10950001	11050000	10563	31	10594
Chr4_221	11000001	11100000	7705	26	7731
Chr4_222	11050001	11150000	5393	23	5416
Chr4_223	11100001	11200000	4282	18	4300
Chr4_224	11150001	11250000	4533	13	4546
Chr4_225	11200001	11300000	3927	5	3932
Chr4_226	11250001	11350000	3932	5	3937
Chr4_227	11300001	11400000	4696	7	4703
Chr4_228	11350001	11450000	5039	7	5046
Chr4_229	11400001	11500000	4721	5	4726
Chr4_230	11450001	11550000	4022	2	4024
Chr4_231	11500001	11600000	5058	6	5064
Chr4_232	11550001	11650000	7078	14	7092
Chr4_233	11600001	11700000	8139	19	8158
Chr4_234	11650001	11750000	8049	36	8085
Chr4_235	11700001	11800000	6993	50	7043
Chr4_236	11750001	11850000	6417	49	6466
Chr4_237	11800001	11900000	5538	29	5567
Chr4_238	11850001	11950000	5298	6	5304
Chr4_239	11900001	12000000	5309	3	5312
Chr4_240	11950001	12050000	5205	2	5207
Chr4_241	12000001	12100000	6107	27	6134
Chr4_242	12050001	12150000	6778	51	6829
Chr4_243	12100001	12200000	6855	52	6907
Chr4_244	12150001	12250000	5898	30	5928
Chr4_245	12200001	12300000	5570	7	5577
Chr4_246	12250001	12350000	5825	6	5831
Chr4_247	12300001	12400000	4953	3	4956
Chr4_248	12350001	12450000	3365	1	3366
Chr4_249	12400001	12500000	1987	0	1987
Chr4_250	12450001	12550000	1684	1	1685
Chr4_251	12500001	12600000	1801	3	1804
Chr4_252	12550001	12650000	1977	5	1982
Chr4_253	12600001	12700000	2788	6	2794
Chr4_254	12650001	12750000	3347	5	3352
Chr4_255	12700001	12800000	3649	12	3661
Chr4_256	12750001	12850000	3565	20	3585
Chr4_257	12800001	12900000	3874	22	3896
Chr4_258	12850001	12950000	5547	15	5562
Chr4_259	12900001	13000000	6569	5	6574
Chr4_260	12950001	13050000	6460	2	6462
Chr4_261	13000001	13100000	5229	1	5230
Chr4_262	13050001	13150000	4458	3	4461
Chr4_263	13100001	13200000	4271	4	4275
Chr4_264	13150001	13250000	4340	5	4345
Chr4_265	13200001	13300000	4481	5	4486
Chr4_266	13250001	13350000	4058	4	4062
Chr4_267	13300001	13400000	3188	2	3190
Chr4_268	13350001	13450000	2580	0	2580
Chr4_269	13400001	13500000	3153	0	3153
Chr4_270	13450001	13550000	3775	1	3776
Chr4_271	13500001	13600000	3535	2	3537
Chr4_272	13550001	13650000	2764	2	2766
Chr4_273	13600001	13700000	2575	3	2578
Chr4_274	13650001	13750000	3471	5	3476
Chr4_275	13700001	13800000	5359	10	5369
Chr4_276	13750001	13850000	7012	14	7026
Chr4_277	13800001	13900000	7044	14	7058
Chr4_278	13850001	13950000	5513	10	5523
Chr4_279	13900001	14000000	3861	5	3866
Chr4_280	13950001	14050000	3620	5	3625
Chr4_281	14000001	14100000	3819	6	3825
Chr4_282	14050001	14150000	3820	6	3826
Chr4_283	14100001	14200000	3711	5	3716
Chr4_284	14150001	14250000	4511	12	4523
Chr4_285	14200001	14300000	5240	20	5260
Chr4_286	14250001	14350000	5547	21	5568
Chr4_287	14300001	14400000	5141	14	5155
Chr4_288	14350001	14450000	4531	5	4536
Chr4_289	14400001	14500000	4472	2	4474
Chr4_290	14450001	14550000	4397	1	4398
Chr4_291	14500001	14600000	4883	2	4885
Chr4_292	14550001	14650000	4844	2	4846
Chr4_293	14600001	14700000	4282	2	4284
Chr4_294	14650001	14750000	3001	2	3003
Chr4_295	14700001	14800000	1878	2	1880
Chr4_296	14750001	14850000	1292	13	1305
Chr4_297	14800001	14900000	1311	24	1335
Chr4_298	14850001	14950000	1854	102	1956
Chr4_299	14900001	15000000	2372	169	2541
Chr4_300	14950001	15050000	3155	158	3313
Chr4_301	15000001	15100000	3461	81	3542
Chr4_302	15050001	15150000	3348	3	3351
Chr4_303	15100001	15200000	3163	3	3166
Chr4_304	15150001	15250000	2890	4	2894
Chr4_305	15200001	15300000	3210	4	3214
Chr4_306	15250001	15350000	3773	6	3779
Chr4_307	15300001	15400000	4023	8	4031
Chr4_308	15350001	15450000	4072	9	4081
Chr4_309	15400001	15500000	3496	7	3503
Chr4_310	15450001	15550000	2701	3	2704
Chr4_311	15500001	15600000	2127	1	2128
Chr4_312	15550001	15650000	2476	2	2478
Chr4_313	15600001	15700000	3686	5	3691
Chr4_314	15650001	15750000	4139	7	4146
Chr4_315	15700001	15800000	3420	7	3427
Chr4_316	15750001	15850000	2493	6	2499
Chr4_317	15800001	15900000	2504	6	2510
Chr4_318	15850001	15950000	2696	5	2701
Chr4_319	15900001	16000000	2654	5	2659
Chr4_320	15950001	16050000	2673	6	2679
Chr4_321	16000001	16100000	2450	6	2456
Chr4_322	16050001	16150000	1693	4	1697
Chr4_323	16100001	16200000	921	1	922
Chr4_324	16150001	16250000	697	0	697
Chr4_325	16200001	16300000	1047	0	1047
Chr4_326	16250001	16350000	1596	2	1598
Chr4_327	16300001	16400000	2641	9	2650
Chr4_328	16350001	16450000	3411	16	3427
Chr4_329	16400001	16500000	3947	16	3963
Chr4_330	16450001	16550000	4245	12	4257
Chr4_331	16500001	16600000	4119	10	4129
Chr4_332	16550001	16650000	3435	10	3445
Chr4_333	16600001	16700000	2842	7	2849
Chr4_334	16650001	16750000	2954	3	2957
Chr4_335	16700001	16800000	3049	4	3053
Chr4_336	16750001	16850000	2867	6	2873
Chr4_337	16800001	16900000	2735	5	2740
Chr4_338	16850001	16950000	2996	3	2999
Chr4_339	16900001	17000000	3420	4	3424
Chr4_340	16950001	17050000	4788	6	4794
Chr4_341	17000001	17100000	6532	7	6539
Chr4_342	17050001	17150000	6544	6	6550
Chr4_343	17100001	17200000	4902	4	4906
Chr4_344	17150001	17250000	3909	2	3911
Chr4_345	17200001	17300000	4616	1	4617
Chr4_346	17250001	17350000	5142	2	5144
Chr4_347	17300001	17400000	4144	2	4146
Chr4_348	17350001	17450000	2914	1	2915
Chr4_349	17400001	17500000	2688	2	2690
Chr4_350	17450001	17550000	3590	5	3595
Chr4_351	17500001	17600000	4403	6	4409
Chr4_352	17550001	17650000	4610	5	4615
Chr4_353	17600001	17700000	3879	9	3888
Chr4_354	17650001	17750000	3461	14	3475
Chr4_355	17700001	17800000	4206	28	4234
Chr4_356	17750001	17850000	4522	37	4559
Chr4_357	17800001	17900000	3944	32	3976
Chr4_358	17850001	17950000	2738	17	2755
Chr4_359	17900001	18000000	2625	1	2626
Chr4_360	17950001	18050000	4500	2	4502
Chr4_361	18000001	18100000	6033	6	6039
Chr4_362	18050001	18150000	7086	12	7098
Chr4_363	18100001	18200000	6345	14	6359
Chr4_364	18150001	18250000	4868	12	4880
Chr4_365	18200001	18300000	3637	8	3645
Chr4_366	18250001	18350000	2410	5	2415
Chr4_367	18300001	18400000	2395	6	2401
Chr4_368	18350001	18450000	2644	8	2652
Chr4_369	18400001	18500000	3818	10	3828
Chr4_370	18450001	18550000	4366	8	4374
Chr4_371	18500001	18585056	3110	4	3114
Chr5_1	1	100000	2971	3	2974
Chr5_2	50001	150000	5251	8	5259
Chr5_3	100001	200000	6690	12	6702
Chr5_4	150001	250000	6867	13	6880
Chr5_5	200001	300000	5889	12	5901
Chr5_6	250001	350000	5293	12	5305
Chr5_7	300001	400000	5199	12	5211
Chr5_8	350001	450000	6209	12	6221
Chr5_9	400001	500000	7686	12	7698
Chr5_10	450001	550000	8497	12	8509
Chr5_11	500001	600000	7816	12	7828
Chr5_12	550001	650000	6555	10	6565
Chr5_13	600001	700000	5756	21	5777
Chr5_14	650001	750000	6741	33	6774
Chr5_15	700001	800000	9532	34	9566
Chr5_16	750001	850000	10932	21	10953
Chr5_17	800001	900000	9191	5	9196
Chr5_18	850001	950000	4878	2	4880
Chr5_19	900001	1000000	3051	0	3051
Chr5_20	950001	1050000	4239	1	4240
Chr5_21	1000001	1100000	5158	2	5160
Chr5_22	1050001	1150000	4917	18	4935
Chr5_23	1100001	1200000	4611	39	4650
Chr5_24	1150001	1250000	5605	45	5650
Chr5_25	1200001	1300000	5692	30	5722
Chr5_26	1250001	1350000	5172	10	5182
Chr5_27	1300001	1400000	4141	5	4146
Chr5_28	1350001	1450000	3772	4	3776
Chr5_29	1400001	1500000	3487	3	3490
Chr5_30	1450001	1550000	3628	5	3633
Chr5_31	1500001	1600000	4339	10	4349
Chr5_32	1550001	1650000	4331	11	4342
Chr5_33	1600001	1700000	4961	8	4969
Chr5_34	1650001	1750000	5959	5	5964
Chr5_35	1700001	1800000	6704	9	6713
Chr5_36	1750001	1850000	5284	13	5297
Chr5_37	1800001	1900000	3307	13	3320
Chr5_38	1850001	1950000	2731	10	2741
Chr5_39	1900001	2000000	2865	6	2871
Chr5_40	1950001	2050000	3340	4	3344
Chr5_41	2000001	2100000	3250	2	3252
Chr5_42	2050001	2150000	3198	4	3202
Chr5_43	2100001	2200000	3475	8	3483
Chr5_44	2150001	2250000	4187	13	4200
Chr5_45	2200001	2300000	4846	21	4867
Chr5_46	2250001	2350000	5108	25	5133
Chr5_47	2300001	2400000	5140	20	5160
Chr5_48	2350001	2450000	5206	11	5217
Chr5_49	2400001	2500000	4492	5	4497
Chr5_50	2450001	2550000	4135	5	4140
Chr5_51	2500001	2600000	4086	4	4090
Chr5_52	2550001	2650000	3749	2	3751
Chr5_53	2600001	2700000	3012	5	3017
Chr5_54	2650001	2750000	2741	9	2750
Chr5_55	2700001	2800000	3858	10	3868
Chr5_56	2750001	2850000	6191	10	6201
Chr5_57	2800001	2900000	7314	9	7323
Chr5_58	2850001	2950000	5726	8	5734
Chr5_59	2900001	3000000	3278	4	3282
Chr5_60	2950001	3050000	2263	0	2263
Chr5_61	3000001	3100000	3768	0	3768
Chr5_62	3050001	3150000	5205	3	5208
Chr5_63	3100001	3200000	5263	7	5270
Chr5_64	3150001	3250000	4248	14	4262
Chr5_65	3200001	3300000	3410	52	3462
Chr5_66	3250001	3350000	3636	89	3725
Chr5_67	3300001	3400000	3718	88	3806
Chr5_68	3350001	3450000	2750	47	2797
Chr5_69	3400001	3500000	1919	8	1927
Chr5_70	3450001	3550000	3190	6	3196
Chr5_71	3500001	3600000	4996	8	5004
Chr5_72	3550001	3650000	4756	6	4762
Chr5_73	3600001	3700000	2971	4	2975
Chr5_74	3650001	3750000	1941	9	1950
Chr5_75	3700001	3800000	2351	14	2365
Chr5_76	3750001	3850000	2627	12	2639
Chr5_77	3800001	3900000	3049	6	3055
Chr5_78	3850001	3950000	3721	2	3723
Chr5_79	3900001	4000000	4414	3	4417
Chr5_80	3950001	4050000	4443	4	4447
Chr5_81	4000001	4100000	3878	8	3886
Chr5_82	4050001	4150000	3782	13	3795
Chr5_83	4100001	4200000	3528	14	3542
Chr5_84	4150001	4250000	3074	10	3084
Chr5_85	4200001	4300000	2505	4	2509
Chr5_86	4250001	4350000	2122	6	2128
Chr5_87	4300001	4400000	2320	10	2330
Chr5_88	4350001	4450000	2978	11	2989
Chr5_89	4400001	4500000	3634	13	3647
Chr5_90	4450001	4550000	4244	35	4279
Chr5_91	4500001	4600000	4811	57	4868
Chr5_92	4550001	4650000	4906	54	4960
Chr5_93	4600001	4700000	4589	34	4623
Chr5_94	4650001	4750000	3566	16	3582
Chr5_95	4700001	4800000	3292	13	3305
Chr5_96	4750001	4850000	3519	11	3530
Chr5_97	4800001	4900000	3356	10	3366
Chr5_98	4850001	4950000	3319	11	3330
Chr5_99	4900001	5000000	3388	8	3396
Chr5_100	4950001	5050000	3455	10	3465
Chr5_101	5000001	5100000	3379	16	3395
Chr5_102	5050001	5150000	3364	18	3382
Chr5_103	5100001	5200000	4314	18	4332
Chr5_104	5150001	5250000	5770	15	5785
Chr5_105	5200001	5300000	8033	16	8049
Chr5_106	5250001	5350000	9613	16	9629
Chr5_107	5300001	5400000	8732	13	8745
Chr5_108	5350001	5450000	7016	24	7040
Chr5_109	5400001	5500000	5719	36	5755
Chr5_110	5450001	5550000	5545	37	5582
Chr5_111	5500001	5600000	5355	45	5400
Chr5_112	5550001	5650000	6061	52	6113
Chr5_113	5600001	5700000	6685	52	6737
Chr5_114	5650001	5750000	5924	30	5954
Chr5_115	5700001	5800000	5017	8	5025
Chr5_116	5750001	5850000	5315	8	5323
Chr5_117	5800001	5900000	6826	38	6864
Chr5_118	5850001	5950000	7325	68	7393
Chr5_119	5900001	6000000	6487	67	6554
Chr5_120	5950001	6050000	5978	36	6014
Chr5_121	6000001	6100000	5828	7	5835
Chr5_122	6050001	6150000	5264	9	5273
Chr5_123	6100001	6200000	4640	13	4653
Chr5_124	6150001	6250000	4206	45	4251
Chr5_125	6200001	6300000	4283	74	4357
Chr5_126	6250001	6350000	4490	70	4560
Chr5_127	6300001	6400000	4409	35	4444
Chr5_128	6350001	6450000	4557	5	4562
Chr5_129	6400001	6500000	4234	6	4240
Chr5_130	6450001	6550000	3570	5	3575
Chr5_131	6500001	6600000	3764	3	3767
Chr5_132	6550001	6650000	4265	3	4268
Chr5_133	6600001	6700000	4733	4	4737
Chr5_134	6650001	6750000	4665	3	4668
Chr5_135	6700001	6800000	4639	10	4649
Chr5_136	6750001	6850000	5096	21	5117
Chr5_137	6800001	6900000	6058	25	6083
Chr5_138	6850001	6950000	7101	21	7122
Chr5_139	6900001	7000000	10168	612	10780
Chr5_140	6950001	7050000	12698	1213	13911
Chr5_141	7000001	7100000	11916	1214	13130
Chr5_142	7050001	7150000	8872	614	9486
Chr5_143	7100001	7200000	6165	15	6180
Chr5_144	7150001	7250000	5632	14	5646
Chr5_145	7200001	7300000	5483	16	5499
Chr5_146	7250001	7350000	5324	15	5339
Chr5_147	7300001	7400000	6014	14	6028
Chr5_148	7350001	7450000	7024	15	7039
Chr5_149	7400001	7500000	7532	17	7549
Chr5_150	7450001	7550000	7226	16	7242
Chr5_151	7500001	7600000	5911	17	5928
Chr5_152	7550001	7650000	5949	17	5966
Chr5_153	7600001	7700000	7582	15	7597
Chr5_154	7650001	7750000	8325	9	8334
Chr5_155	7700001	7800000	7931	6	7937
Chr5_156	7750001	7850000	6507	16	6523
Chr5_157	7800001	7900000	6936	24	6960
Chr5_158	7850001	7950000	8309	31	8340
Chr5_159	7900001	8000000	9174	32	9206
Chr5_160	7950001	8050000	9154	34	9188
Chr5_161	8000001	8100000	7450	31	7481
Chr5_162	8050001	8150000	6336	20	6356
Chr5_163	8100001	8200000	6695	52	6747
Chr5_164	8150001	8250000	7651	90	7741
Chr5_165	8200001	8300000	7455	93	7548
Chr5_166	8250001	8350000	5971	53	6024
Chr5_167	8300001	8400000	4869	11	4880
Chr5_168	8350001	8450000	4601	9	4610
Chr5_169	8400001	8500000	4497	8	4505
Chr5_170	8450001	8550000	5080	8	5088
Chr5_171	8500001	8600000	6612	12	6624
Chr5_172	8550001	8650000	7958	17	7975
Chr5_173	8600001	8700000	7298	26	7324
Chr5_174	8650001	8750000	5747	31	5778
Chr5_175	8700001	8800000	5136	26	5162
Chr5_176	8750001	8850000	5184	14	5198
Chr5_177	8800001	8900000	4636	4	4640
Chr5_178	8850001	8950000	3195	3	3198
Chr5_179	8900001	9000000	2360	8	2368
Chr5_180	8950001	9050000	3134	13	3147
Chr5_181	9000001	9100000	5672	16	5688
Chr5_182	9050001	9150000	8820	17	8837
Chr5_183	9100001	9200000	10039	30	10069
Chr5_184	9150001	9250000	8669	73	8742
Chr5_185	9200001	9300000	6059	98	6157
Chr5_186	9250001	9350000	4249	83	4332
Chr5_187	9300001	9400000	5316	41	5357
Chr5_188	9350001	9450000	8235	14	8249
Chr5_189	9400001	9500000	10711	58	10769
Chr5_190	9450001	9550000	10459	155	10614
Chr5_191	9500001	9600000	8677	256	8933
Chr5_192	9550001	9650000	7783	258	8041
Chr5_193	9600001	9700000	7443	161	7604
Chr5_194	9650001	9750000	7934	60	7994
Chr5_195	9700001	9800000	8170	19	8189
Chr5_196	9750001	9850000	8024	26	8050
Chr5_197	9800001	9900000	8380	41	8421
Chr5_198	9850001	9950000	9497	50	9547
Chr5_199	9900001	10000000	10296	48	10344
Chr5_200	9950001	10050000	12098	83	12181
Chr5_201	10000001	10100000	13521	114	13635
Chr5_202	10050001	10150000	12790	714	13504
Chr5_203	10100001	10200000	9440	2195	11635
Chr5_204	10150001	10250000	6214	3669	9883
Chr5_205	10200001	10300000	4949	3668	8617
Chr5_206	10250001	10350000	3458	2387	5845
Chr5_207	10300001	10400000	1998	1333	3331
Chr5_208	10350001	10450000	2167	1634	3801
Chr5_209	10400001	10500000	3437	2652	6089
Chr5_210	10450001	10550000	4782	4054	8836
Chr5_211	10500001	10600000	6044	5603	11647
Chr5_212	10550001	10650000	6507	6356	12863
Chr5_213	10600001	10700000	6450	6451	12901
Chr5_214	10650001	10750000	5727	5570	11297
Chr5_215	10700001	10800000	5052	4691	9743
Chr5_216	10750001	10850000	4528	4011	8539
Chr5_217	10800001	10900000	4288	3856	8144
Chr5_218	10850001	10950000	4871	4912	9783
Chr5_219	10900001	11000000	0	0	0
Chr5_220	10950001	11050000	0	0	0
Chr5_221	11000001	11100000	0	0	0
Chr5_222	11050001	11150000	0	0	0
Chr5_223	11100001	11200000	0	0	0
Chr5_224	11150001	11250000	0	0	0
Chr5_225	11200001	11300000	0	0	0
Chr5_226	11250001	11350000	0	0	0
Chr5_227	11300001	11400000	0	0	0
Chr5_228	11350001	11450000	0	0	0
Chr5_229	11400001	11500000	0	0	0
Chr5_230	11450001	11550000	0	0	0
Chr5_231	11500001	11600000	0	0	0
Chr5_232	11550001	11650000	0	0	0
Chr5_233	11600001	11700000	0	0	0
Chr5_234	11650001	11750000	0	0	0
Chr5_235	11700001	11800000	0	0	0
Chr5_236	11750001	11850000	0	0	0
Chr5_237	11800001	11900000	0	0	0
Chr5_238	11850001	11950000	0	0	0
Chr5_239	11900001	12000000	0	0	0
Chr5_240	11950001	12050000	0	0	0
Chr5_241	12000001	12100000	0	0	0
Chr5_242	12050001	12150000	0	0	0
Chr5_243	12100001	12200000	0	0	0
Chr5_244	12150001	12250000	0	0	0
Chr5_245	12200001	12300000	0	0	0
Chr5_246	12250001	12350000	0	0	0
Chr5_247	12300001	12400000	0	0	0
Chr5_248	12350001	12450000	0	0	0
Chr5_249	12400001	12500000	0	0	0
Chr5_250	12450001	12550000	0	0	0
Chr5_251	12500001	12600000	0	0	0
Chr5_252	12550001	12650000	0	0	0
Chr5_253	12600001	12700000	0	0	0
Chr5_254	12650001	12750000	0	0	0
Chr5_255	12700001	12800000	0	0	0
Chr5_256	12750001	12850000	0	0	0
Chr5_257	12800001	12900000	0	0	0
Chr5_258	12850001	12950000	0	0	0
Chr5_259	12900001	13000000	0	0	0
Chr5_260	12950001	13050000	0	0	0
Chr5_261	13000001	13100000	0	0	0
Chr5_262	13050001	13150000	0	0	0
Chr5_263	13100001	13200000	0	0	0
Chr5_264	13150001	13250000	0	0	0
Chr5_265	13200001	13300000	0	0	0
Chr5_266	13250001	13350000	4650	3495	8145
Chr5_267	13300001	13400000	6150	4981	11131
Chr5_268	13350001	13450000	6966	6021	12987
Chr5_269	13400001	13500000	6075	5298	11373
Chr5_270	13450001	13550000	4549	3882	8431
Chr5_271	13500001	13600000	3614	3175	6789
Chr5_272	13550001	13650000	3003	2898	5901
Chr5_273	13600001	13700000	2846	2732	5578
Chr5_274	13650001	13750000	3901	3362	7263
Chr5_275	13700001	13800000	5428	4650	10078
Chr5_276	13750001	13850000	5877	5369	11246
Chr5_277	13800001	13900000	4942	4892	9834
Chr5_278	13850001	13950000	4321	4299	8620
Chr5_279	13900001	14000000	4407	3924	8331
Chr5_280	13950001	14050000	5118	4230	9348
Chr5_281	14000001	14100000	6553	4513	11066
Chr5_282	14050001	14150000	7087	3593	10680
Chr5_283	14100001	14200000	6265	1784	8049
Chr5_284	14150001	14250000	5943	353	6296
Chr5_285	14200001	14300000	6104	241	6345
Chr5_286	14250001	14350000	5162	244	5406
Chr5_287	14300001	14400000	2566	125	2691
Chr5_288	14350001	14450000	350	3	353
Chr5_289	14400001	14500000	273	19	292
Chr5_290	14450001	14550000	1227	41	1268
Chr5_291	14500001	14600000	2642	48	2690
Chr5_292	14550001	14650000	4780	36	4816
Chr5_293	14600001	14700000	6272	21	6293
Chr5_294	14650001	14750000	7443	18	7461
Chr5_295	14700001	14800000	8708	35	8743
Chr5_296	14750001	14850000	9552	52	9604
Chr5_297	14800001	14900000	10294	49	10343
Chr5_298	14850001	14950000	9867	26	9893
Chr5_299	14900001	15000000	9282	2	9284
Chr5_300	14950001	15050000	9693	4	9697
Chr5_301	15000001	15100000	10048	8	10056
Chr5_302	15050001	15150000	10008	10	10018
Chr5_303	15100001	15200000	8585	8	8593
Chr5_304	15150001	15250000	7238	5	7243
Chr5_305	15200001	15300000	7601	7	7608
Chr5_306	15250001	15350000	8980	506	9486
Chr5_307	15300001	15400000	10310	1001	11311
Chr5_308	15350001	15450000	10270	1001	11271
Chr5_309	15400001	15500000	9555	699	10254
Chr5_310	15450001	15550000	9168	401	9569
Chr5_311	15500001	15600000	8502	402	8904
Chr5_312	15550001	15650000	6645	205	6850
Chr5_313	15600001	15700000	4872	8	4880
Chr5_314	15650001	15750000	5552	6	5558
Chr5_315	15700001	15800000	8063	8	8071
Chr5_316	15750001	15850000	9096	7	9103
Chr5_317	15800001	15900000	7637	5	7642
Chr5_318	15850001	15950000	5759	4	5763
Chr5_319	15900001	16000000	6464	6	6470
Chr5_320	15950001	16050000	8731	15	8746
Chr5_321	16000001	16100000	10801	21	10822
Chr5_322	16050001	16150000	10240	19	10259
Chr5_323	16100001	16200000	8265	13	8278
Chr5_324	16150001	16250000	7218	8	7226
Chr5_325	16200001	16300000	6972	9	6981
Chr5_326	16250001	16350000	7615	11	7626
Chr5_327	16300001	16400000	7416	13	7429
Chr5_328	16350001	16450000	6519	15	6534
Chr5_329	16400001	16500000	4969	12	4981
Chr5_330	16450001	16550000	3735	9	3744
Chr5_331	16500001	16600000	5027	12	5039
Chr5_332	16550001	16650000	8528	17	8545
Chr5_333	16600001	16700000	10755	21	10776
Chr5_334	16650001	16750000	10649	18	10667
Chr5_335	16700001	16800000	8837	14	8851
Chr5_336	16750001	16850000	7224	13	7237
Chr5_337	16800001	16900000	6549	12	6561
Chr5_338	16850001	16950000	5767	9	5776
Chr5_339	16900001	17000000	6106	5	6111
Chr5_340	16950001	17050000	7126	35	7161
Chr5_341	17000001	17100000	7992	66	8058
Chr5_342	17050001	17150000	8149	67	8216
Chr5_343	17100001	17200000	8011	37	8048
Chr5_344	17150001	17250000	8223	9	8232
Chr5_345	17200001	17300000	9235	16	9251
Chr5_346	17250001	17350000	10170	24	10194
Chr5_347	17300001	17400000	9804	27	9831
Chr5_348	17350001	17450000	9959	23	9982
Chr5_349	17400001	17500000	11135	19	11154
Chr5_350	17450001	17550000	13331	21	13352
Chr5_351	17500001	17600000	14051	24	14075
Chr5_352	17550001	17650000	13421	20	13441
Chr5_353	17600001	17700000	12400	13	12413
Chr5_354	17650001	17750000	10493	9	10502
Chr5_355	17700001	17800000	10265	12	10277
Chr5_356	17750001	17850000	10330	14	10344
Chr5_357	17800001	17900000	11799	15	11814
Chr5_358	17850001	17950000	12351	15	12366
Chr5_359	17900001	18000000	11646	13	11659
Chr5_360	17950001	18050000	10531	11	10542
Chr5_361	18000001	18100000	7950	8	7958
Chr5_362	18050001	18150000	7876	11	7887
Chr5_363	18100001	18200000	8939	12	8951
Chr5_364	18150001	18250000	10756	13	10769
Chr5_365	18200001	18300000	11366	13	11379
Chr5_366	18250001	18350000	8838	12	8850
Chr5_367	18300001	18400000	5056	10	5066
Chr5_368	18350001	18450000	1716	58	1774
Chr5_369	18400001	18500000	611	108	719
Chr5_370	18450001	18550000	498	106	604
Chr5_371	18500001	18600000	929	53	982
Chr5_372	18550001	18650000	2844	5	2849
Chr5_373	18600001	18700000	5547	13	5560
Chr5_374	18650001	18750000	7970	21	7991
Chr5_375	18700001	18800000	8857	23	8880
Chr5_376	18750001	18850000	8086	21	8107
Chr5_377	18800001	18900000	6759	19	6778
Chr5_378	18850001	18950000	5648	15	5663
Chr5_379	18900001	19000000	5854	12	5866
Chr5_380	18950001	19050000	5979	9	5988
Chr5_381	19000001	19100000	6142	8	6150
Chr5_382	19050001	19150000	6904	8	6912
Chr5_383	19100001	19200000	8967	205	9172
Chr5_384	19150001	19250000	10349	402	10751
Chr5_385	19200001	19300000	10172	402	10574
Chr5_386	19250001	19350000	9936	207	10143
Chr5_387	19300001	19400000	10249	13	10262
Chr5_388	19350001	19450000	9999	12	10011
Chr5_389	19400001	19500000	8857	9	8866
Chr5_390	19450001	19550000	7798	8	7806
Chr5_391	19500001	19600000	7512	9	7521
Chr5_392	19550001	19650000	7691	9	7700
Chr5_393	19600001	19700000	7439	8	7447
Chr5_394	19650001	19750000	6736	7	6743
Chr5_395	19700001	19800000	4753	5	4758
Chr5_396	19750001	19850000	3305	2	3307
Chr5_397	19800001	19900000	3518	1	3519
Chr5_398	19850001	19950000	5076	4	5080
Chr5_399	19900001	20000000	5937	8	5945
Chr5_400	19950001	20050000	5744	9	5753
Chr5_401	20000001	20100000	5357	7	5364
Chr5_402	20050001	20150000	5595	4	5599
Chr5_403	20100001	20200000	7666	4	7670
Chr5_404	20150001	20250000	9335	5	9340
Chr5_405	20200001	20300000	9290	5	9295
Chr5_406	20250001	20350000	7447	5	7452
Chr5_407	20300001	20400000	5346	4	5350
Chr5_408	20350001	20450000	4906	4	4910
Chr5_409	20400001	20500000	4874	96	4970
Chr5_410	20450001	20550000	4265	188	4453
Chr5_411	20500001	20600000	2940	187	3127
Chr5_412	20550001	20650000	1929	94	2023
Chr5_413	20600001	20700000	2225	2	2227
Chr5_414	20650001	20750000	3399	4	3403
Chr5_415	20700001	20800000	3941	7	3948
Chr5_416	20750001	20850000	3842	9	3851
Chr5_417	20800001	20900000	4205	9	4214
Chr5_418	20850001	20950000	4721	6	4727
Chr5_419	20900001	21000000	4973	3	4976
Chr5_420	20950001	21050000	5115	5	5120
Chr5_421	21000001	21100000	5005	12	5017
Chr5_422	21050001	21150000	4859	16	4875
Chr5_423	21100001	21200000	4117	13	4130
Chr5_424	21150001	21250000	3797	7	3804
Chr5_425	21200001	21300000	4246	6	4252
Chr5_426	21250001	21350000	5550	10	5560
Chr5_427	21300001	21400000	7290	13	7303
Chr5_428	21350001	21450000	7971	13	7984
Chr5_429	21400001	21500000	8353	88	8441
Chr5_430	21450001	21550000	7688	162	7850
Chr5_431	21500001	21600000	6682	161	6843
Chr5_432	21550001	21650000	5133	85	5218
Chr5_433	21600001	21700000	4073	8	4081
Chr5_434	21650001	21750000	4294	9	4303
Chr5_435	21700001	21800000	4824	39	4863
Chr5_436	21750001	21850000	5757	72	5829
Chr5_437	21800001	21900000	8151	85	8236
Chr5_438	21850001	21950000	10028	63	10091
Chr5_439	21900001	22000000	9458	29	9487
Chr5_440	21950001	22050000	7579	14	7593
Chr5_441	22000001	22100000	6108	5	6113
Chr5_442	22050001	22150000	6723	9	6732
Chr5_443	22100001	22200000	6947	13	6960
Chr5_444	22150001	22250000	6930	14	6944
Chr5_445	22200001	22300000	6604	11	6615
Chr5_446	22250001	22350000	6490	8	6498
Chr5_447	22300001	22400000	6630	8	6638
Chr5_448	22350001	22450000	5943	10	5953
Chr5_449	22400001	22500000	4869	48	4917
Chr5_450	22450001	22550000	4887	87	4974
Chr5_451	22500001	22600000	5709	89	5798
Chr5_452	22550001	22650000	6257	54	6311
Chr5_453	22600001	22700000	7256	15	7271
Chr5_454	22650001	22750000	8091	11	8102
Chr5_455	22700001	22800000	7963	7	7970
Chr5_456	22750001	22850000	6015	3	6018
Chr5_457	22800001	22900000	3971	1	3972
Chr5_458	22850001	22950000	3376	2	3378
Chr5_459	22900001	23000000	3209	4	3213
Chr5_460	22950001	23050000	3607	6	3613
Chr5_461	23000001	23100000	3639	7	3646
Chr5_462	23050001	23150000	3269	8	3277
Chr5_463	23100001	23200000	3423	9	3432
Chr5_464	23150001	23250000	4116	7	4123
Chr5_465	23200001	23300000	5026	4	5030
Chr5_466	23250001	23350000	4978	2	4980
Chr5_467	23300001	23400000	5508	4	5512
Chr5_468	23350001	23450000	5920	7	5927
Chr5_469	23400001	23500000	7869	7	7876
Chr5_470	23450001	23550000	8805	6	8811
Chr5_471	23500001	23600000	7331	6	7337
Chr5_472	23550001	23650000	5077	6	5083
Chr5_473	23600001	23700000	3254	5	3259
Chr5_474	23650001	23750000	3991	6	3997
Chr5_475	23700001	23800000	5126	9	5135
Chr5_476	23750001	23850000	5903	9	5912
Chr5_477	23800001	23900000	6449	5	6454
Chr5_478	23850001	23950000	6903	3	6906
Chr5_479	23900001	24000000	7260	25	7285
Chr5_480	23950001	24050000	8004	49	8053
Chr5_481	24000001	24100000	8017	265	8282
Chr5_482	24050001	24150000	7250	457	7707
Chr5_483	24100001	24200000	6261	433	6694
Chr5_484	24150001	24250000	5876	216	6092
Chr5_485	24200001	24300000	5723	4	5727
Chr5_486	24250001	24350000	4952	8	4960
Chr5_487	24300001	24400000	3751	9	3760
Chr5_488	24350001	24450000	3188	8	3196
Chr5_489	24400001	24500000	2925	6	2931
Chr5_490	24450001	24550000	2388	5	2393
Chr5_491	24500001	24600000	2186	5	2191
Chr5_492	24550001	24650000	2864	7	2871
Chr5_493	24600001	24700000	4049	11	4060
Chr5_494	24650001	24750000	4539	11	4550
Chr5_495	24700001	24800000	3979	9	3988
Chr5_496	24750001	24850000	2862	8	2870
Chr5_497	24800001	24900000	2308	8	2316
Chr5_498	24850001	24950000	2795	7	2802
Chr5_499	24900001	25000000	3816	7	3823
Chr5_500	24950001	25050000	4420	8	4428
Chr5_501	25000001	25100000	3838	8	3846
Chr5_502	25050001	25150000	3228	5	3233
Chr5_503	25100001	25200000	3999	18	4017
Chr5_504	25150001	25250000	6080	45	6125
Chr5_505	25200001	25300000	7935	56	7991
Chr5_506	25250001	25350000	7643	41	7684
Chr5_507	25300001	25400000	5764	14	5778
Chr5_508	25350001	25450000	4748	5	4753
Chr5_509	25400001	25500000	4919	8	4927
Chr5_510	25450001	25550000	4721	8	4729
Chr5_511	25500001	25600000	3230	5	3235
Chr5_512	25550001	25650000	1825	1	1826
Chr5_513	25600001	25700000	1822	0	1822
Chr5_514	25650001	25750000	3322	2	3324
Chr5_515	25700001	25800000	4957	6	4963
Chr5_516	25750001	25850000	5830	9	5839
Chr5_517	25800001	25900000	6117	12	6129
Chr5_518	25850001	25950000	5868	26	5894
Chr5_519	25900001	26000000	5635	39	5674
Chr5_520	25950001	26050000	6004	37	6041
Chr5_521	26000001	26100000	7474	23	7497
Chr5_522	26050001	26150000	7991	10	8001
Chr5_523	26100001	26200000	6410	7	6417
Chr5_524	26150001	26250000	4766	4	4770
Chr5_525	26200001	26300000	4823	5	4828
Chr5_526	26250001	26350000	5851	11	5862
Chr5_527	26300001	26400000	6821	13	6834
Chr5_528	26350001	26450000	7707	11	7718
Chr5_529	26400001	26500000	7590	7	7597
Chr5_530	26450001	26550000	6458	4	6462
Chr5_531	26500001	26600000	5524	2	5526
Chr5_532	26550001	26650000	5317	1	5318
Chr5_533	26600001	26700000	5761	3	5764
Chr5_534	26650001	26750000	6088	6	6094
Chr5_535	26700001	26800000	5756	8	5764
Chr5_536	26750001	26850000	4255	7	4262
Chr5_537	26800001	26900000	2596	4	2600
Chr5_538	26850001	26950000	1772	1	1773
Chr5_539	26900001	26975502	1212	0	1212
