chr_window	start	stop	ADref	ADalt	DP
Chr1_1	1	100000	1375	6	1381
Chr1_2	50001	150000	1032	6	1038
Chr1_3	100001	200000	137	0	137
Chr1_4	150001	250000	294	1	295
Chr1_5	200001	300000	872	2	874
Chr1_6	250001	350000	1350	1	1351
Chr1_7	300001	400000	1978	0	1978
Chr1_8	350001	450000	2704	1	2705
Chr1_9	400001	500000	2868	4	2872
Chr1_10	450001	550000	2456	6	2462
Chr1_11	500001	600000	1891	3	1894
Chr1_12	550001	650000	1985	0	1985
Chr1_13	600001	700000	1624	0	1624
Chr1_14	650001	750000	930	1	931
Chr1_15	700001	800000	1242	6	1248
Chr1_16	750001	850000	1063	5	1068
Chr1_17	800001	900000	1249	3	1252
Chr1_18	850001	950000	1883	19	1902
Chr1_19	900001	1000000	1312	18	1330
Chr1_20	950001	1050000	759	4	763
Chr1_21	1000001	1100000	612	2	614
Chr1_22	1050001	1150000	822	1	823
Chr1_23	1100001	1200000	1008	2	1010
Chr1_24	1150001	1250000	786	1	787
Chr1_25	1200001	1300000	760	0	760
Chr1_26	1250001	1350000	970	0	970
Chr1_27	1300001	1400000	829	1	830
Chr1_28	1350001	1450000	1136	24	1160
Chr1_29	1400001	1500000	1530	24	1554
Chr1_30	1450001	1550000	1495	1	1496
Chr1_31	1500001	1600000	2428	1	2429
Chr1_32	1550001	1650000	1931	2	1933
Chr1_33	1600001	1700000	825	1	826
Chr1_34	1650001	1750000	1399	13	1412
Chr1_35	1700001	1800000	1570	13	1583
Chr1_36	1750001	1850000	1230	1	1231
Chr1_37	1800001	1900000	1143	1	1144
Chr1_38	1850001	1950000	1004	0	1004
Chr1_39	1900001	2000000	913	0	913
Chr1_40	1950001	2050000	1439	1	1440
Chr1_41	2000001	2100000	1330	1	1331
Chr1_42	2050001	2150000	1022	13	1035
Chr1_43	2100001	2200000	1004	13	1017
Chr1_44	2150001	2250000	1057	0	1057
Chr1_45	2200001	2300000	1389	1	1390
Chr1_46	2250001	2350000	1662	2	1664
Chr1_47	2300001	2400000	1920	1	1921
Chr1_48	2350001	2450000	1582	1	1583
Chr1_49	2400001	2500000	1035	1	1036
Chr1_50	2450001	2550000	1399	0	1399
Chr1_51	2500001	2600000	2300	1	2301
Chr1_52	2550001	2650000	1656	1	1657
Chr1_53	2600001	2700000	930	3	933
Chr1_54	2650001	2750000	790	5	795
Chr1_55	2700001	2800000	510	2	512
Chr1_56	2750001	2850000	952	0	952
Chr1_57	2800001	2900000	1632	3	1635
Chr1_58	2850001	2950000	1086	3	1089
Chr1_59	2900001	3000000	648	0	648
Chr1_60	2950001	3050000	615	0	615
Chr1_61	3000001	3100000	436	1	437
Chr1_62	3050001	3150000	1371	1	1372
Chr1_63	3100001	3200000	2836	3	2839
Chr1_64	3150001	3250000	2388	4	2392
Chr1_65	3200001	3300000	896	1	897
Chr1_66	3250001	3350000	1028	32	1060
Chr1_67	3300001	3400000	1752	32	1784
Chr1_68	3350001	3450000	1424	0	1424
Chr1_69	3400001	3500000	950	1	951
Chr1_70	3450001	3550000	754	1	755
Chr1_71	3500001	3600000	697	1	698
Chr1_72	3550001	3650000	894	1	895
Chr1_73	3600001	3700000	750	0	750
Chr1_74	3650001	3750000	998	2	1000
Chr1_75	3700001	3800000	1407	7	1414
Chr1_76	3750001	3850000	1488	5	1493
Chr1_77	3800001	3900000	1993	3	1996
Chr1_78	3850001	3950000	2135	5	2140
Chr1_79	3900001	4000000	1729	5	1734
Chr1_80	3950001	4050000	3287	246	3533
Chr1_81	4000001	4100000	3084	244	3328
Chr1_82	4050001	4150000	1333	2	1335
Chr1_83	4100001	4200000	1769	2	1771
Chr1_84	4150001	4250000	2001	3	2004
Chr1_85	4200001	4300000	2235	4	2239
Chr1_86	4250001	4350000	3298	51	3349
Chr1_87	4300001	4400000	3219	49	3268
Chr1_88	4350001	4450000	1723	0	1723
Chr1_89	4400001	4500000	1060	0	1060
Chr1_90	4450001	4550000	1479	1	1480
Chr1_91	4500001	4600000	1511	2	1513
Chr1_92	4550001	4650000	1952	5	1957
Chr1_93	4600001	4700000	2124	10	2134
Chr1_94	4650001	4750000	1301	6	1307
Chr1_95	4700001	4800000	1224	19	1243
Chr1_96	4750001	4850000	1134	19	1153
Chr1_97	4800001	4900000	902	1	903
Chr1_98	4850001	4950000	958	1	959
Chr1_99	4900001	5000000	1411	1	1412
Chr1_100	4950001	5050000	1545	2	1547
Chr1_101	5000001	5100000	1010	1	1011
Chr1_102	5050001	5150000	1925	21	1946
Chr1_103	5100001	5200000	4000	21	4021
Chr1_104	5150001	5250000	3575	2	3577
Chr1_105	5200001	5300000	1767	2	1769
Chr1_106	5250001	5350000	2381	2	2383
Chr1_107	5300001	5400000	3685	28	3713
Chr1_108	5350001	5450000	3020	27	3047
Chr1_109	5400001	5500000	1918	3	1921
Chr1_110	5450001	5550000	1185	2	1187
Chr1_111	5500001	5600000	1695	2	1697
Chr1_112	5550001	5650000	2301	3	2304
Chr1_113	5600001	5700000	3318	5	3323
Chr1_114	5650001	5750000	2960	5	2965
Chr1_115	5700001	5800000	1784	4	1788
Chr1_116	5750001	5850000	1567	4	1571
Chr1_117	5800001	5900000	2314	2	2316
Chr1_118	5850001	5950000	2593	1	2594
Chr1_119	5900001	6000000	1270	9	1279
Chr1_120	5950001	6050000	1627	12	1639
Chr1_121	6000001	6100000	1415	3	1418
Chr1_122	6050001	6150000	800	0	800
Chr1_123	6100001	6200000	704	3	707
Chr1_124	6150001	6250000	618	3	621
Chr1_125	6200001	6300000	698	1	699
Chr1_126	6250001	6350000	828	3	831
Chr1_127	6300001	6400000	651	2	653
Chr1_128	6350001	6450000	605	0	605
Chr1_129	6400001	6500000	1510	2	1512
Chr1_130	6450001	6550000	1733	136	1869
Chr1_131	6500001	6600000	1134	136	1270
Chr1_132	6550001	6650000	1149	5	1154
Chr1_133	6600001	6700000	1284	4	1288
Chr1_134	6650001	6750000	1099	2	1101
Chr1_135	6700001	6800000	636	1	637
Chr1_136	6750001	6850000	231	0	231
Chr1_137	6800001	6900000	605	0	605
Chr1_138	6850001	6950000	1404	0	1404
Chr1_139	6900001	7000000	2046	1	2047
Chr1_140	6950001	7050000	3007	3	3010
Chr1_141	7000001	7100000	2957	4	2961
Chr1_142	7050001	7150000	1948	35	1983
Chr1_143	7100001	7200000	1396	35	1431
Chr1_144	7150001	7250000	958	2	960
Chr1_145	7200001	7300000	856	1	857
Chr1_146	7250001	7350000	1362	2	1364
Chr1_147	7300001	7400000	1503	3	1506
Chr1_148	7350001	7450000	1663	2	1665
Chr1_149	7400001	7500000	1998	0	1998
Chr1_150	7450001	7550000	1923	4	1927
Chr1_151	7500001	7600000	1219	5	1224
Chr1_152	7550001	7650000	1125	3	1128
Chr1_153	7600001	7700000	1374	2	1376
Chr1_154	7650001	7750000	1295	16	1311
Chr1_155	7700001	7800000	1385	17	1402
Chr1_156	7750001	7850000	1496	1	1497
Chr1_157	7800001	7900000	1817	1	1818
Chr1_158	7850001	7950000	1644	4	1648
Chr1_159	7900001	8000000	1373	3	1376
Chr1_160	7950001	8050000	1559	3	1562
Chr1_161	8000001	8100000	1752	5	1757
Chr1_162	8050001	8150000	2162	2	2164
Chr1_163	8100001	8200000	2747	25	2772
Chr1_164	8150001	8250000	2242	33	2275
Chr1_165	8200001	8300000	1828	8	1836
Chr1_166	8250001	8350000	1890	1	1891
Chr1_167	8300001	8400000	2250	3	2253
Chr1_168	8350001	8450000	3493	6	3499
Chr1_169	8400001	8500000	3252	5	3257
Chr1_170	8450001	8550000	2309	2	2311
Chr1_171	8500001	8600000	2534	1	2535
Chr1_172	8550001	8650000	1991	1	1992
Chr1_173	8600001	8700000	2976	7	2983
Chr1_174	8650001	8750000	3538	7	3545
Chr1_175	8700001	8800000	1621	5	1626
Chr1_176	8750001	8850000	725	4	729
Chr1_177	8800001	8900000	1000	0	1000
Chr1_178	8850001	8950000	2065	4	2069
Chr1_179	8900001	9000000	1800	4	1804
Chr1_180	8950001	9050000	1085	0	1085
Chr1_181	9000001	9100000	1732	2	1734
Chr1_182	9050001	9150000	1765	2	1767
Chr1_183	9100001	9200000	636	0	636
Chr1_184	9150001	9250000	738	1	739
Chr1_185	9200001	9300000	1511	3	1514
Chr1_186	9250001	9350000	1325	2	1327
Chr1_187	9300001	9400000	1569	2	1571
Chr1_188	9350001	9450000	2425	4	2429
Chr1_189	9400001	9500000	2180	36	2216
Chr1_190	9450001	9550000	1978	36	2014
Chr1_191	9500001	9600000	2155	3	2158
Chr1_192	9550001	9650000	1760	1	1761
Chr1_193	9600001	9700000	1701	1	1702
Chr1_194	9650001	9750000	1720	10	1730
Chr1_195	9700001	9800000	1867	10	1877
Chr1_196	9750001	9850000	1906	2	1908
Chr1_197	9800001	9900000	1569	1	1570
Chr1_198	9850001	9950000	1620	1	1621
Chr1_199	9900001	10000000	1672	4	1676
Chr1_200	9950001	10050000	2171	3	2174
Chr1_201	10000001	10100000	2154	1	2155
Chr1_202	10050001	10150000	2114	4	2118
Chr1_203	10100001	10200000	3407	40	3447
Chr1_204	10150001	10250000	2809	37	2846
Chr1_205	10200001	10300000	1457	2	1459
Chr1_206	10250001	10350000	1483	3	1486
Chr1_207	10300001	10400000	1943	130	2073
Chr1_208	10350001	10450000	1166	129	1295
Chr1_209	10400001	10500000	663	0	663
Chr1_210	10450001	10550000	1807	2	1809
Chr1_211	10500001	10600000	1827	37	1864
Chr1_212	10550001	10650000	1609	37	1646
Chr1_213	10600001	10700000	1616	2	1618
Chr1_214	10650001	10750000	1302	1	1303
Chr1_215	10700001	10800000	1141	1	1142
Chr1_216	10750001	10850000	1494	3	1497
Chr1_217	10800001	10900000	1603	6	1609
Chr1_218	10850001	10950000	1198	3	1201
Chr1_219	10900001	11000000	1448	2	1450
Chr1_220	10950001	11050000	1804	4	1808
Chr1_221	11000001	11100000	2133	5	2138
Chr1_222	11050001	11150000	2991	4	2995
Chr1_223	11100001	11200000	2848	4	2852
Chr1_224	11150001	11250000	2185	4	2189
Chr1_225	11200001	11300000	4023	3	4026
Chr1_226	11250001	11350000	5644	16	5660
Chr1_227	11300001	11400000	4712	18	4730
Chr1_228	11350001	11450000	3677	8	3685
Chr1_229	11400001	11500000	4615	348	4963
Chr1_230	11450001	11550000	4236	357	4593
Chr1_231	11500001	11600000	2754	19	2773
Chr1_232	11550001	11650000	2060	9	2069
Chr1_233	11600001	11700000	2302	6	2308
Chr1_234	11650001	11750000	2876	5	2881
Chr1_235	11700001	11800000	2704	4	2708
Chr1_236	11750001	11850000	2187	5	2192
Chr1_237	11800001	11900000	1944	5	1949
Chr1_238	11850001	11950000	2063	2	2065
Chr1_239	11900001	12000000	1798	3	1801
Chr1_240	11950001	12050000	2527	5	2532
Chr1_241	12000001	12100000	2503	8	2511
Chr1_242	12050001	12150000	2007	8	2015
Chr1_243	12100001	12200000	2466	64	2530
Chr1_244	12150001	12250000	2212	63	2275
Chr1_245	12200001	12300000	3450	4	3454
Chr1_246	12250001	12350000	3377	3	3380
Chr1_247	12300001	12400000	2239	0	2239
Chr1_248	12350001	12450000	2840	6	2846
Chr1_249	12400001	12500000	3409	10	3419
Chr1_250	12450001	12550000	3201	7	3208
Chr1_251	12500001	12600000	1962	5	1967
Chr1_252	12550001	12650000	1920	12	1932
Chr1_253	12600001	12700000	1835	89	1924
Chr1_254	12650001	12750000	1878	80	1958
Chr1_255	12700001	12800000	1533	66	1599
Chr1_256	12750001	12850000	1128	72	1200
Chr1_257	12800001	12900000	1562	7	1569
Chr1_258	12850001	12950000	2369	5	2374
Chr1_259	12900001	13000000	3680	15	3695
Chr1_260	12950001	13050000	4091	200	4291
Chr1_261	13000001	13100000	3657	195	3852
Chr1_262	13050001	13150000	3308	33	3341
Chr1_263	13100001	13200000	4076	183	4259
Chr1_264	13150001	13250000	4857	201	5058
Chr1_265	13200001	13300000	4545	88	4633
Chr1_266	13250001	13350000	2224	42	2266
Chr1_267	13300001	13400000	2777	805	3582
Chr1_268	13350001	13450000	2812	815	3627
Chr1_269	13400001	13500000	1703	11	1714
Chr1_270	13450001	13550000	4109	8	4117
Chr1_271	13500001	13600000	3317	22	3339
Chr1_272	13550001	13650000	3854	16	3870
Chr1_273	13600001	13700000	4208	22	4230
Chr1_274	13650001	13750000	1957	233	2190
Chr1_275	13700001	13800000	1630	305	1935
Chr1_276	13750001	13850000	1382	133	1515
Chr1_277	13800001	13900000	1070	71	1141
Chr1_278	13850001	13950000	1263	156	1419
Chr1_279	13900001	14000000	1595	142	1737
Chr1_280	13950001	14050000	1214	18	1232
Chr1_281	14000001	14100000	1398	51	1449
Chr1_282	14050001	14150000	1722	73	1795
Chr1_283	14100001	14200000	1799	26	1825
Chr1_284	14150001	14250000	3373	23	3396
Chr1_285	14200001	14300000	4262	38	4300
Chr1_286	14250001	14350000	3164	26	3190
Chr1_287	14300001	14400000	1137	8	1145
Chr1_288	14350001	14450000	80	0	80
Chr1_289	14400001	14500000	164	31	195
Chr1_290	14450001	14550000	1171	67	1238
Chr1_291	14500001	14600000	1241	79	1320
Chr1_292	14550001	14650000	217	69	286
Chr1_293	14600001	14700000	0.0	0.0	0.0
Chr1_294	14650001	14750000	0.0	0.0	0.0
Chr1_295	14700001	14800000	0.0	0.0	0.0
Chr1_296	14750001	14850000	0.0	0.0	0.0
Chr1_297	14800001	14900000	0.0	0.0	0.0
Chr1_298	14850001	14950000	626	31	657
Chr1_299	14900001	15000000	648	40	688
Chr1_300	14950001	15050000	232	33	265
Chr1_301	15000001	15100000	2362	295	2657
Chr1_302	15050001	15150000	3442	549	3991
Chr1_303	15100001	15200000	2513	436	2949
Chr1_304	15150001	15250000	2054	264	2318
Chr1_305	15200001	15300000	845	118	963
Chr1_306	15250001	15350000	0.0	0.0	0.0
Chr1_307	15300001	15400000	0.0	0.0	0.0
Chr1_308	15350001	15450000	1721	140	1861
Chr1_309	15400001	15500000	1763	151	1914
Chr1_310	15450001	15550000	3481	36	3517
Chr1_311	15500001	15600000	6850	164	7014
Chr1_312	15550001	15650000	5622	149	5771
Chr1_313	15600001	15700000	4654	11	4665
Chr1_314	15650001	15750000	5894	86	5980
Chr1_315	15700001	15800000	4237	102	4339
Chr1_316	15750001	15850000	2548	43	2591
Chr1_317	15800001	15900000	4703	41	4744
Chr1_318	15850001	15950000	4908	367	5275
Chr1_319	15900001	16000000	2875	349	3224
Chr1_320	15950001	16050000	1497	29	1526
Chr1_321	16000001	16100000	1103	162	1265
Chr1_322	16050001	16150000	1163	137	1300
Chr1_323	16100001	16200000	2746	6	2752
Chr1_324	16150001	16250000	3596	147	3743
Chr1_325	16200001	16300000	2208	152	2360
Chr1_326	16250001	16350000	1857	24	1881
Chr1_327	16300001	16400000	2319	16	2335
Chr1_328	16350001	16450000	3926	10	3936
Chr1_329	16400001	16500000	3579	14	3593
Chr1_330	16450001	16550000	3681	1026	4707
Chr1_331	16500001	16600000	5235	1362	6597
Chr1_332	16550001	16650000	4178	350	4528
Chr1_333	16600001	16700000	3011	85	3096
Chr1_334	16650001	16750000	3351	82	3433
Chr1_335	16700001	16800000	3041	6	3047
Chr1_336	16750001	16850000	2168	3	2171
Chr1_337	16800001	16900000	2931	3	2934
Chr1_338	16850001	16950000	3115	9	3124
Chr1_339	16900001	17000000	3536	16	3552
Chr1_340	16950001	17050000	3989	22	4011
Chr1_341	17000001	17100000	3219	15	3234
Chr1_342	17050001	17150000	3204	82	3286
Chr1_343	17100001	17200000	3201	120	3321
Chr1_344	17150001	17250000	2657	42	2699
Chr1_345	17200001	17300000	2545	4	2549
Chr1_346	17250001	17350000	2264	4	2268
Chr1_347	17300001	17400000	2963	237	3200
Chr1_348	17350001	17450000	3680	245	3925
Chr1_349	17400001	17500000	3020	12	3032
Chr1_350	17450001	17550000	1991	6	1997
Chr1_351	17500001	17600000	1790	8	1798
Chr1_352	17550001	17650000	1818	17	1835
Chr1_353	17600001	17700000	2701	15	2716
Chr1_354	17650001	17750000	2633	4	2637
Chr1_355	17700001	17800000	1772	2	1774
Chr1_356	17750001	17850000	2512	1	2513
Chr1_357	17800001	17900000	2422	3	2425
Chr1_358	17850001	17950000	1494	2	1496
Chr1_359	17900001	18000000	1156	1	1157
Chr1_360	17950001	18050000	1615	1	1616
Chr1_361	18000001	18100000	1886	6	1892
Chr1_362	18050001	18150000	1774	7	1781
Chr1_363	18100001	18200000	2212	15	2227
Chr1_364	18150001	18250000	2360	16	2376
Chr1_365	18200001	18300000	1814	10	1824
Chr1_366	18250001	18350000	1704	9	1713
Chr1_367	18300001	18400000	2349	4	2353
Chr1_368	18350001	18450000	2088	6	2094
Chr1_369	18400001	18500000	1689	4	1693
Chr1_370	18450001	18550000	1741	1	1742
Chr1_371	18500001	18600000	1306	1	1307
Chr1_372	18550001	18650000	1740	1	1741
Chr1_373	18600001	18700000	1473	0	1473
Chr1_374	18650001	18750000	1333	4	1337
Chr1_375	18700001	18800000	1475	5	1480
Chr1_376	18750001	18850000	1424	8	1432
Chr1_377	18800001	18900000	1632	8	1640
Chr1_378	18850001	18950000	1203	4	1207
Chr1_379	18900001	19000000	1942	107	2049
Chr1_380	18950001	19050000	3163	105	3268
Chr1_381	19000001	19100000	2849	4	2853
Chr1_382	19050001	19150000	2080	4	2084
Chr1_383	19100001	19200000	1567	4	1571
Chr1_384	19150001	19250000	1784	3	1787
Chr1_385	19200001	19300000	2882	4	2886
Chr1_386	19250001	19350000	2556	5	2561
Chr1_387	19300001	19400000	1777	1	1778
Chr1_388	19350001	19450000	2127	0	2127
Chr1_389	19400001	19500000	2026	3	2029
Chr1_390	19450001	19550000	2120	3	2123
Chr1_391	19500001	19600000	2236	3	2239
Chr1_392	19550001	19650000	1807	3	1810
Chr1_393	19600001	19700000	2038	1	2039
Chr1_394	19650001	19750000	2651	7	2658
Chr1_395	19700001	19800000	2141	7	2148
Chr1_396	19750001	19850000	1604	3	1607
Chr1_397	19800001	19900000	2367	3	2370
Chr1_398	19850001	19950000	2725	9	2734
Chr1_399	19900001	20000000	1663	8	1671
Chr1_400	19950001	20050000	1259	25	1284
Chr1_401	20000001	20100000	2425	30	2455
Chr1_402	20050001	20150000	1989	7	1996
Chr1_403	20100001	20200000	1426	4	1430
Chr1_404	20150001	20250000	1592	6	1598
Chr1_405	20200001	20300000	735	5	740
Chr1_406	20250001	20350000	233	1	234
Chr1_407	20300001	20400000	255	0	255
Chr1_408	20350001	20450000	298	0	298
Chr1_409	20400001	20500000	345	1	346
Chr1_410	20450001	20550000	423	3	426
Chr1_411	20500001	20600000	393	2	395
Chr1_412	20550001	20650000	1112	2	1114
Chr1_413	20600001	20700000	2360	3	2363
Chr1_414	20650001	20750000	2559	4	2563
Chr1_415	20700001	20800000	1960	7	1967
Chr1_416	20750001	20850000	2791	5	2796
Chr1_417	20800001	20900000	2558	5	2563
Chr1_418	20850001	20950000	2131	14	2145
Chr1_419	20900001	21000000	2234	11	2245
Chr1_420	20950001	21050000	916	1	917
Chr1_421	21000001	21100000	1984	14	1998
Chr1_422	21050001	21150000	2894	16	2910
Chr1_423	21100001	21200000	1998	2	2000
Chr1_424	21150001	21250000	971	0	971
Chr1_425	21200001	21300000	303	1	304
Chr1_426	21250001	21350000	2869	13	2882
Chr1_427	21300001	21400000	4038	15	4053
Chr1_428	21350001	21450000	3202	9	3211
Chr1_429	21400001	21500000	3215	7	3222
Chr1_430	21450001	21550000	2581	2	2583
Chr1_431	21500001	21600000	1708	9	1717
Chr1_432	21550001	21650000	2453	8	2461
Chr1_433	21600001	21700000	3770	3	3773
Chr1_434	21650001	21750000	4311	7	4318
Chr1_435	21700001	21800000	3346	5	3351
Chr1_436	21750001	21850000	978	1	979
Chr1_437	21800001	21900000	1232	2	1234
Chr1_438	21850001	21950000	2577	4	2581
Chr1_439	21900001	22000000	2723	4	2727
Chr1_440	21950001	22050000	2359	4	2363
Chr1_441	22000001	22100000	1138	2	1140
Chr1_442	22050001	22150000	0.0	0.0	0.0
Chr1_443	22100001	22200000	111	0	111
Chr1_444	22150001	22250000	109	9	118
Chr1_445	22200001	22300000	1276	9	1285
Chr1_446	22250001	22350000	3167	3	3170
Chr1_447	22300001	22400000	4771	5	4776
Chr1_448	22350001	22450000	4605	4	4609
Chr1_449	22400001	22500000	2843	3	2846
Chr1_450	22450001	22550000	2553	4	2557
Chr1_451	22500001	22600000	3571	7	3578
Chr1_452	22550001	22650000	3461	5	3466
Chr1_453	22600001	22700000	3030	5	3035
Chr1_454	22650001	22750000	3891	6	3897
Chr1_455	22700001	22800000	3688	4	3692
Chr1_456	22750001	22850000	4357	5	4362
Chr1_457	22800001	22900000	4585	5	4590
Chr1_458	22850001	22950000	3222	7	3229
Chr1_459	22900001	23000000	3121	6	3127
Chr1_460	22950001	23050000	2810	2	2812
Chr1_461	23000001	23100000	3160	7	3167
Chr1_462	23050001	23150000	4139	7	4146
Chr1_463	23100001	23200000	4741	3	4744
Chr1_464	23150001	23250000	2996	2	2998
Chr1_465	23200001	23300000	1725	4	1729
Chr1_466	23250001	23350000	3109	8	3117
Chr1_467	23300001	23400000	3578	5	3583
Chr1_468	23350001	23450000	3342	3	3345
Chr1_469	23400001	23500000	2917	7	2924
Chr1_470	23450001	23550000	2100	16	2116
Chr1_471	23500001	23600000	2080	11	2091
Chr1_472	23550001	23650000	3124	5	3129
Chr1_473	23600001	23700000	3745	8	3753
Chr1_474	23650001	23750000	3448	6	3454
Chr1_475	23700001	23800000	2490	11	2501
Chr1_476	23750001	23850000	3148	14	3162
Chr1_477	23800001	23900000	3777	87	3864
Chr1_478	23850001	23950000	2728	108	2836
Chr1_479	23900001	24000000	2116	35	2151
Chr1_480	23950001	24050000	4199	9	4208
Chr1_481	24000001	24100000	4586	4	4590
Chr1_482	24050001	24150000	2492	5	2497
Chr1_483	24100001	24200000	3298	8	3306
Chr1_484	24150001	24250000	5127	13	5140
Chr1_485	24200001	24300000	4612	11	4623
Chr1_486	24250001	24350000	3171	4	3175
Chr1_487	24300001	24400000	2639	11	2650
Chr1_488	24350001	24450000	3009	26	3035
Chr1_489	24400001	24500000	3083	20	3103
Chr1_490	24450001	24550000	2137	10	2147
Chr1_491	24500001	24600000	2162	21	2183
Chr1_492	24550001	24650000	2263	18	2281
Chr1_493	24600001	24700000	1564	3	1567
Chr1_494	24650001	24750000	1594	3	1597
Chr1_495	24700001	24800000	2237	3	2240
Chr1_496	24750001	24850000	2772	4	2776
Chr1_497	24800001	24900000	3642	6	3648
Chr1_498	24850001	24950000	2516	3	2519
Chr1_499	24900001	25000000	1922	0	1922
Chr1_500	24950001	25050000	3462	0	3462
Chr1_501	25000001	25100000	2705	19	2724
Chr1_502	25050001	25150000	1846	20	1866
Chr1_503	25100001	25200000	1545	1	1546
Chr1_504	25150001	25250000	1206	131	1337
Chr1_505	25200001	25300000	855	131	986
Chr1_506	25250001	25350000	1977	3	1980
Chr1_507	25300001	25400000	3213	9	3222
Chr1_508	25350001	25450000	2296	11	2307
Chr1_509	25400001	25500000	1991	10	2001
Chr1_510	25450001	25550000	1463	5	1468
Chr1_511	25500001	25600000	989	1	990
Chr1_512	25550001	25650000	1310	2	1312
Chr1_513	25600001	25700000	1358	1	1359
Chr1_514	25650001	25750000	1160	2	1162
Chr1_515	25700001	25800000	1928	9	1937
Chr1_516	25750001	25850000	1992	8	2000
Chr1_517	25800001	25900000	1028	1	1029
Chr1_518	25850001	25950000	497	1	498
Chr1_519	25900001	26000000	1408	3	1411
Chr1_520	25950001	26050000	1927	4	1931
Chr1_521	26000001	26100000	1851	3	1854
Chr1_522	26050001	26150000	3617	5	3622
Chr1_523	26100001	26200000	4093	8	4101
Chr1_524	26150001	26250000	3134	4	3138
Chr1_525	26200001	26300000	2497	1	2498
Chr1_526	26250001	26350000	2101	1	2102
Chr1_527	26300001	26400000	2213	4	2217
Chr1_528	26350001	26450000	2109	5	2114
Chr1_529	26400001	26500000	1547	1	1548
Chr1_530	26450001	26550000	1529	1	1530
Chr1_531	26500001	26600000	1602	2	1604
Chr1_532	26550001	26650000	1312	3	1315
Chr1_533	26600001	26700000	1377	3	1380
Chr1_534	26650001	26750000	2165	4	2169
Chr1_535	26700001	26800000	3318	6	3324
Chr1_536	26750001	26850000	2618	3	2621
Chr1_537	26800001	26900000	1496	0	1496
Chr1_538	26850001	26950000	1598	4	1602
Chr1_539	26900001	27000000	1602	8	1610
Chr1_540	26950001	27050000	1307	5	1312
Chr1_541	27000001	27100000	1376	1	1377
Chr1_542	27050001	27150000	1709	0	1709
Chr1_543	27100001	27200000	1268	0	1268
Chr1_544	27150001	27250000	1074	5	1079
Chr1_545	27200001	27300000	1336	6	1342
Chr1_546	27250001	27350000	1415	11	1426
Chr1_547	27300001	27400000	1448	16	1464
Chr1_548	27350001	27450000	2358	12	2370
Chr1_549	27400001	27500000	2006	8	2014
Chr1_550	27450001	27550000	1035	5	1040
Chr1_551	27500001	27600000	2166	5	2171
Chr1_552	27550001	27650000	2386	9	2395
Chr1_553	27600001	27700000	1893	7	1900
Chr1_554	27650001	27750000	1248	6	1254
Chr1_555	27700001	27800000	1414	7	1421
Chr1_556	27750001	27850000	1865	4	1869
Chr1_557	27800001	27900000	1412	3	1415
Chr1_558	27850001	27950000	1466	6	1472
Chr1_559	27900001	28000000	1365	7	1372
Chr1_560	27950001	28050000	1280	2	1282
Chr1_561	28000001	28100000	1045	5	1050
Chr1_562	28050001	28150000	1011	11	1022
Chr1_563	28100001	28200000	1224	7	1231
Chr1_564	28150001	28250000	804	0	804
Chr1_565	28200001	28300000	880	0	880
Chr1_566	28250001	28350000	1016	0	1016
Chr1_567	28300001	28400000	1500	2	1502
Chr1_568	28350001	28450000	2673	7	2680
Chr1_569	28400001	28500000	2168	26	2194
Chr1_570	28450001	28550000	1219	22	1241
Chr1_571	28500001	28600000	1345	2	1347
Chr1_572	28550001	28650000	1334	2	1336
Chr1_573	28600001	28700000	1021	2	1023
Chr1_574	28650001	28750000	1173	4	1177
Chr1_575	28700001	28800000	1095	3	1098
Chr1_576	28750001	28850000	604	5	609
Chr1_577	28800001	28900000	764	5	769
Chr1_578	28850001	28950000	506	7	513
Chr1_579	28900001	29000000	315	8	323
Chr1_580	28950001	29050000	892	1	893
Chr1_581	29000001	29100000	983	4	987
Chr1_582	29050001	29150000	1141	4	1145
Chr1_583	29100001	29200000	1819	2	1821
Chr1_584	29150001	29250000	1882	3	1885
Chr1_585	29200001	29300000	1434	4	1438
Chr1_586	29250001	29350000	1401	7	1408
Chr1_587	29300001	29400000	1470	7	1477
Chr1_588	29350001	29450000	1482	5	1487
Chr1_589	29400001	29500000	1200	3	1203
Chr1_590	29450001	29550000	1409	4	1413
Chr1_591	29500001	29600000	1441	3	1444
Chr1_592	29550001	29650000	1457	9	1466
Chr1_593	29600001	29700000	1697	12	1709
Chr1_594	29650001	29750000	1374	5	1379
Chr1_595	29700001	29800000	1639	3	1642
Chr1_596	29750001	29850000	1255	1	1256
Chr1_597	29800001	29900000	801	0	801
Chr1_598	29850001	29950000	1861	1	1862
Chr1_599	29900001	30000000	2142	3	2145
Chr1_600	29950001	30050000	1569	3	1572
Chr1_601	30000001	30100000	1697	34	1731
Chr1_602	30050001	30150000	1284	36	1320
Chr1_603	30100001	30200000	1392	4	1396
Chr1_604	30150001	30250000	1840	3	1843
Chr1_605	30200001	30300000	1871	27	1898
Chr1_606	30250001	30350000	1858	25	1883
Chr1_607	30300001	30400000	2317	0	2317
Chr1_608	30350001	30427671	2393	3	2396
Chr2_1	1	100000	3098	1256	4354
Chr2_2	50001	150000	1864	12	1876
Chr2_3	100001	200000	2894	7	2901
Chr2_4	150001	250000	2618	7	2625
Chr2_5	200001	300000	2564	15	2579
Chr2_6	250001	350000	2309	23	2332
Chr2_7	300001	400000	2132	27	2159
Chr2_8	350001	450000	2685	14	2699
Chr2_9	400001	500000	1862	0	1862
Chr2_10	450001	550000	1741	117	1858
Chr2_11	500001	600000	2017	120	2137
Chr2_12	550001	650000	2001	4	2005
Chr2_13	600001	700000	2189	2	2191
Chr2_14	650001	750000	2793	3	2796
Chr2_15	700001	800000	3777	6	3783
Chr2_16	750001	850000	3692	5	3697
Chr2_17	800001	900000	2585	2	2587
Chr2_18	850001	950000	1877	28	1905
Chr2_19	900001	1000000	1970	28	1998
Chr2_20	950001	1050000	2014	3	2017
Chr2_21	1000001	1100000	2121	16	2137
Chr2_22	1050001	1150000	2141	41	2182
Chr2_23	1100001	1200000	2665	28	2693
Chr2_24	1150001	1250000	3610	8	3618
Chr2_25	1200001	1300000	2743	9	2752
Chr2_26	1250001	1350000	1851	3	1854
Chr2_27	1300001	1400000	2651	122	2773
Chr2_28	1350001	1450000	2750	175	2925
Chr2_29	1400001	1500000	2396	59	2455
Chr2_30	1450001	1550000	2230	32	2262
Chr2_31	1500001	1600000	1321	62	1383
Chr2_32	1550001	1650000	984	89	1073
Chr2_33	1600001	1700000	713	54	767
Chr2_34	1650001	1750000	0.0	0.0	0.0
Chr2_35	1700001	1800000	0.0	0.0	0.0
Chr2_36	1750001	1850000	0.0	0.0	0.0
Chr2_37	1800001	1900000	0.0	0.0	0.0
Chr2_38	1850001	1950000	128	4	132
Chr2_39	1900001	2000000	247	7	254
Chr2_40	1950001	2050000	242	18	260
Chr2_41	2000001	2100000	127	13	140
Chr2_42	2050001	2150000	484	136	620
Chr2_43	2100001	2200000	589	139	728
Chr2_44	2150001	2250000	2620	17	2637
Chr2_45	2200001	2300000	3253	16	3269
Chr2_46	2250001	2350000	2011	26	2037
Chr2_47	2300001	2400000	3064	38	3102
Chr2_48	2350001	2450000	3126	25	3151
Chr2_49	2400001	2500000	2704	16	2720
Chr2_50	2450001	2550000	2772	16	2788
Chr2_51	2500001	2600000	2176	89	2265
Chr2_52	2550001	2650000	2403	98	2501
Chr2_53	2600001	2700000	3559	181	3740
Chr2_54	2650001	2750000	3937	193	4130
Chr2_55	2700001	2800000	4873	180	5053
Chr2_56	2750001	2850000	6455	153	6608
Chr2_57	2800001	2900000	4905	3	4908
Chr2_58	2850001	2950000	3652	2	3654
Chr2_59	2900001	3000000	3638	8	3646
Chr2_60	2950001	3050000	4488	35	4523
Chr2_61	3000001	3100000	5677	94	5771
Chr2_62	3050001	3150000	5580	98	5678
Chr2_63	3100001	3200000	5066	38	5104
Chr2_64	3150001	3250000	4518	12	4530
Chr2_65	3200001	3300000	2532	26	2558
Chr2_66	3250001	3350000	0.0	0.0	0.0
Chr2_67	3300001	3400000	0.0	0.0	0.0
Chr2_68	3350001	3450000	0.0	0.0	0.0
Chr2_69	3400001	3500000	0.0	0.0	0.0
Chr2_70	3450001	3550000	829	73	902
Chr2_71	3500001	3600000	1351	114	1465
Chr2_72	3550001	3650000	5499	2172	7671
Chr2_73	3600001	3700000	5184	2075	7259
Chr2_74	3650001	3750000	1708	10	1718
Chr2_75	3700001	3800000	2304	60	2364
Chr2_76	3750001	3850000	1632	56	1688
Chr2_77	3800001	3900000	1277	76	1353
Chr2_78	3850001	3950000	2934	77	3011
Chr2_79	3900001	4000000	3272	133	3405
Chr2_80	3950001	4050000	1415	137	1552
Chr2_81	4000001	4100000	1068	19	1087
Chr2_82	4050001	4150000	1056	38	1094
Chr2_83	4100001	4200000	1035	45	1080
Chr2_84	4150001	4250000	1218	26	1244
Chr2_85	4200001	4300000	2250	304	2554
Chr2_86	4250001	4350000	2332	297	2629
Chr2_87	4300001	4400000	1405	30	1435
Chr2_88	4350001	4450000	1523	42	1565
Chr2_89	4400001	4500000	1723	20	1743
Chr2_90	4450001	4550000	2704	13	2717
Chr2_91	4500001	4600000	2815	18	2833
Chr2_92	4550001	4650000	2809	224	3033
Chr2_93	4600001	4700000	4465	312	4777
Chr2_94	4650001	4750000	5956	142	6098
Chr2_95	4700001	4800000	4480	279	4759
Chr2_96	4750001	4850000	3515	245	3760
Chr2_97	4800001	4900000	4312	47	4359
Chr2_98	4850001	4950000	2816	117	2933
Chr2_99	4900001	5000000	3628	98	3726
Chr2_100	4950001	5050000	5211	290	5501
Chr2_101	5000001	5100000	4488	322	4810
Chr2_102	5050001	5150000	3871	69	3940
Chr2_103	5100001	5200000	4088	44	4132
Chr2_104	5150001	5250000	3302	44	3346
Chr2_105	5200001	5300000	1618	49	1667
Chr2_106	5250001	5350000	4132	46	4178
Chr2_107	5300001	5400000	6163	68	6231
Chr2_108	5350001	5450000	6435	494	6929
Chr2_109	5400001	5500000	7141	585	7726
Chr2_110	5450001	5550000	4154	167	4321
Chr2_111	5500001	5600000	1624	32	1656
Chr2_112	5550001	5650000	3045	12	3057
Chr2_113	5600001	5700000	4103	8	4111
Chr2_114	5650001	5750000	4221	9	4230
Chr2_115	5700001	5800000	5502	11	5513
Chr2_116	5750001	5850000	4463	9	4472
Chr2_117	5800001	5900000	5240	1059	6299
Chr2_118	5850001	5950000	7861	1415	9276
Chr2_119	5900001	6000000	4817	369	5186
Chr2_120	5950001	6050000	2017	11	2028
Chr2_121	6000001	6100000	3458	44	3502
Chr2_122	6050001	6150000	3040	284	3324
Chr2_123	6100001	6200000	1745	246	1991
Chr2_124	6150001	6250000	2438	6	2444
Chr2_125	6200001	6300000	1940	6	1946
Chr2_126	6250001	6350000	1248	4	1252
Chr2_127	6300001	6400000	2574	0	2574
Chr2_128	6350001	6450000	3551	196	3747
Chr2_129	6400001	6500000	3146	206	3352
Chr2_130	6450001	6550000	3617	19	3636
Chr2_131	6500001	6600000	2684	18	2702
Chr2_132	6550001	6650000	2305	11	2316
Chr2_133	6600001	6700000	2890	4	2894
Chr2_134	6650001	6750000	2786	255	3041
Chr2_135	6700001	6800000	2738	254	2992
Chr2_136	6750001	6850000	2878	273	3151
Chr2_137	6800001	6900000	2594	273	2867
Chr2_138	6850001	6950000	3289	9	3298
Chr2_139	6900001	7000000	3658	11	3669
Chr2_140	6950001	7050000	1960	4	1964
Chr2_141	7000001	7100000	2432	8	2440
Chr2_142	7050001	7150000	2376	7	2383
Chr2_143	7100001	7200000	1404	2	1406
Chr2_144	7150001	7250000	2227	8	2235
Chr2_145	7200001	7300000	2621	7	2628
Chr2_146	7250001	7350000	1366	1	1367
Chr2_147	7300001	7400000	1479	4	1483
Chr2_148	7350001	7450000	2720	6	2726
Chr2_149	7400001	7500000	2484	2	2486
Chr2_150	7450001	7550000	1982	5	1987
Chr2_151	7500001	7600000	2942	7	2949
Chr2_152	7550001	7650000	2948	9	2957
Chr2_153	7600001	7700000	2260	9	2269
Chr2_154	7650001	7750000	1527	2	1529
Chr2_155	7700001	7800000	652	0	652
Chr2_156	7750001	7850000	796	247	1043
Chr2_157	7800001	7900000	981	682	1663
Chr2_158	7850001	7950000	1197	1127	2324
Chr2_159	7900001	8000000	1105	1068	2173
Chr2_160	7950001	8050000	788	789	1577
Chr2_161	8000001	8100000	505	528	1033
Chr2_162	8050001	8150000	222	205	427
Chr2_163	8100001	8200000	289	254	543
Chr2_164	8150001	8250000	409	378	787
Chr2_165	8200001	8300000	500	479	979
Chr2_166	8250001	8350000	639	671	1310
Chr2_167	8300001	8400000	914	890	1804
Chr2_168	8350001	8450000	1055	1014	2069
Chr2_169	8400001	8500000	1541	1287	2828
Chr2_170	8450001	8550000	1525	1187	2712
Chr2_171	8500001	8600000	1586	1199	2785
Chr2_172	8550001	8650000	2379	1918	4297
Chr2_173	8600001	8700000	1955	1684	3639
Chr2_174	8650001	8750000	898	737	1635
Chr2_175	8700001	8800000	547	529	1076
Chr2_176	8750001	8850000	518	520	1038
Chr2_177	8800001	8900000	1110	844	1954
Chr2_178	8850001	8950000	991	706	1697
Chr2_179	8900001	9000000	317	294	611
Chr2_180	8950001	9050000	619	696	1315
Chr2_181	9000001	9100000	616	658	1274
Chr2_182	9050001	9150000	1074	1070	2144
Chr2_183	9100001	9200000	1096	1123	2219
Chr2_184	9150001	9250000	511	484	995
Chr2_185	9200001	9300000	272	239	511
Chr2_186	9250001	9350000	0.0	0.0	0.0
Chr2_187	9300001	9400000	473	464	937
Chr2_188	9350001	9450000	669	636	1305
Chr2_189	9400001	9500000	544	519	1063
Chr2_190	9450001	9550000	691	617	1308
Chr2_191	9500001	9600000	692	665	1357
Chr2_192	9550001	9650000	730	791	1521
Chr2_193	9600001	9700000	796	814	1610
Chr2_194	9650001	9750000	748	700	1448
Chr2_195	9700001	9800000	1217	1137	2354
Chr2_196	9750001	9850000	1178	1229	2407
Chr2_197	9800001	9900000	500	546	1046
Chr2_198	9850001	9950000	416	452	868
Chr2_199	9900001	10000000	547	605	1152
Chr2_200	9950001	10050000	823	790	1613
Chr2_201	10000001	10100000	983	993	1976
Chr2_202	10050001	10150000	984	1068	2052
Chr2_203	10100001	10200000	1068	1121	2189
Chr2_204	10150001	10250000	1244	1122	2366
Chr2_205	10200001	10300000	1651	1320	2971
Chr2_206	10250001	10350000	1578	1227	2805
Chr2_207	10300001	10400000	977	780	1757
Chr2_208	10350001	10450000	558	471	1029
Chr2_209	10400001	10500000	490	334	824
Chr2_210	10450001	10550000	1514	569	2083
Chr2_211	10500001	10600000	2182	1143	3325
Chr2_212	10550001	10650000	1770	1135	2905
Chr2_213	10600001	10700000	1204	905	2109
Chr2_214	10650001	10750000	1100	1196	2296
Chr2_215	10700001	10800000	1306	1250	2556
Chr2_216	10750001	10850000	725	703	1428
Chr2_217	10800001	10900000	244	259	503
Chr2_218	10850001	10950000	145	154	299
Chr2_219	10900001	11000000	93	73	166
Chr2_220	10950001	11050000	85	56	141
Chr2_221	11000001	11100000	307	280	587
Chr2_222	11050001	11150000	676	573	1249
Chr2_223	11100001	11200000	694	646	1340
Chr2_224	11150001	11250000	505	517	1022
Chr2_225	11200001	11300000	805	693	1498
Chr2_226	11250001	11350000	1051	957	2008
Chr2_227	11300001	11400000	690	698	1388
Chr2_228	11350001	11450000	714	748	1462
Chr2_229	11400001	11500000	741	793	1534
Chr2_230	11450001	11550000	1020	1043	2063
Chr2_231	11500001	11600000	1398	1424	2822
Chr2_232	11550001	11650000	1012	1028	2040
Chr2_233	11600001	11700000	1020	1023	2043
Chr2_234	11650001	11750000	1431	1369	2800
Chr2_235	11700001	11800000	1413	1331	2744
Chr2_236	11750001	11850000	1214	1122	2336
Chr2_237	11800001	11900000	1039	847	1886
Chr2_238	11850001	11950000	717	607	1324
Chr2_239	11900001	12000000	762	849	1611
Chr2_240	11950001	12050000	612	709	1321
Chr2_241	12000001	12100000	140	123	263
Chr2_242	12050001	12150000	262	166	428
Chr2_243	12100001	12200000	794	625	1419
Chr2_244	12150001	12250000	778	697	1475
Chr2_245	12200001	12300000	512	543	1055
Chr2_246	12250001	12350000	766	832	1598
Chr2_247	12300001	12400000	1230	1107	2337
Chr2_248	12350001	12450000	1858	1572	3430
Chr2_249	12400001	12500000	1797	1538	3335
Chr2_250	12450001	12550000	1236	1105	2341
Chr2_251	12500001	12600000	1257	1160	2417
Chr2_252	12550001	12650000	1356	1171	2527
Chr2_253	12600001	12700000	1661	1349	3010
Chr2_254	12650001	12750000	1635	1434	3069
Chr2_255	12700001	12800000	1170	1172	2342
Chr2_256	12750001	12850000	1032	906	1938
Chr2_257	12800001	12900000	971	953	1924
Chr2_258	12850001	12950000	996	986	1982
Chr2_259	12900001	13000000	1198	1049	2247
Chr2_260	12950001	13050000	1314	1276	2590
Chr2_261	13000001	13100000	986	983	1969
Chr2_262	13050001	13150000	719	628	1347
Chr2_263	13100001	13200000	548	508	1056
Chr2_264	13150001	13250000	523	527	1050
Chr2_265	13200001	13300000	619	613	1232
Chr2_266	13250001	13350000	616	673	1289
Chr2_267	13300001	13400000	438	464	902
Chr2_268	13350001	13450000	155	140	295
Chr2_269	13400001	13500000	84	79	163
Chr2_270	13450001	13550000	235	143	378
Chr2_271	13500001	13600000	476	419	895
Chr2_272	13550001	13650000	507	511	1018
Chr2_273	13600001	13700000	689	691	1380
Chr2_274	13650001	13750000	828	800	1628
Chr2_275	13700001	13800000	662	610	1272
Chr2_276	13750001	13850000	1324	1436	2760
Chr2_277	13800001	13900000	1310	1425	2735
Chr2_278	13850001	13950000	1159	952	2111
Chr2_279	13900001	14000000	1255	970	2225
Chr2_280	13950001	14050000	621	674	1295
Chr2_281	14000001	14100000	804	918	1722
Chr2_282	14050001	14150000	937	940	1877
Chr2_283	14100001	14200000	376	385	761
Chr2_284	14150001	14250000	83	73	156
Chr2_285	14200001	14300000	934	786	1720
Chr2_286	14250001	14350000	1116	995	2111
Chr2_287	14300001	14400000	649	636	1285
Chr2_288	14350001	14450000	872	705	1577
Chr2_289	14400001	14500000	772	648	1420
Chr2_290	14450001	14550000	757	707	1464
Chr2_291	14500001	14600000	649	581	1230
Chr2_292	14550001	14650000	368	366	734
Chr2_293	14600001	14700000	993	993	1986
Chr2_294	14650001	14750000	933	923	1856
Chr2_295	14700001	14800000	558	515	1073
Chr2_296	14750001	14850000	757	706	1463
Chr2_297	14800001	14900000	663	623	1286
Chr2_298	14850001	14950000	627	640	1267
Chr2_299	14900001	15000000	697	880	1577
Chr2_300	14950001	15050000	864	919	1783
Chr2_301	15000001	15100000	800	699	1499
Chr2_302	15050001	15150000	696	663	1359
Chr2_303	15100001	15200000	573	547	1120
Chr2_304	15150001	15250000	505	539	1044
Chr2_305	15200001	15300000	616	663	1279
Chr2_306	15250001	15350000	750	780	1530
Chr2_307	15300001	15400000	619	609	1228
Chr2_308	15350001	15450000	505	470	975
Chr2_309	15400001	15500000	824	924	1748
Chr2_310	15450001	15550000	792	847	1639
Chr2_311	15500001	15600000	310	284	594
Chr2_312	15550001	15650000	61	74	135
Chr2_313	15600001	15700000	138	112	250
Chr2_314	15650001	15750000	595	564	1159
Chr2_315	15700001	15800000	832	822	1654
Chr2_316	15750001	15850000	627	622	1249
Chr2_317	15800001	15900000	436	474	910
Chr2_318	15850001	15950000	218	245	463
Chr2_319	15900001	16000000	751	813	1564
Chr2_320	15950001	16050000	1059	1119	2178
Chr2_321	16000001	16100000	636	586	1222
Chr2_322	16050001	16150000	652	620	1272
Chr2_323	16100001	16200000	695	738	1433
Chr2_324	16150001	16250000	778	836	1614
Chr2_325	16200001	16300000	996	919	1915
Chr2_326	16250001	16350000	1021	893	1914
Chr2_327	16300001	16400000	848	871	1719
Chr2_328	16350001	16450000	626	784	1410
Chr2_329	16400001	16500000	335	438	773
Chr2_330	16450001	16550000	326	292	618
Chr2_331	16500001	16600000	614	615	1229
Chr2_332	16550001	16650000	735	724	1459
Chr2_333	16600001	16700000	717	705	1422
Chr2_334	16650001	16750000	503	533	1036
Chr2_335	16700001	16800000	463	498	961
Chr2_336	16750001	16850000	784	942	1726
Chr2_337	16800001	16900000	846	894	1740
Chr2_338	16850001	16950000	835	794	1629
Chr2_339	16900001	17000000	807	782	1589
Chr2_340	16950001	17050000	497	425	922
Chr2_341	17000001	17100000	464	488	952
Chr2_342	17050001	17150000	426	430	856
Chr2_343	17100001	17200000	332	254	586
Chr2_344	17150001	17250000	528	510	1038
Chr2_345	17200001	17300000	1129	977	2106
Chr2_346	17250001	17350000	1303	1196	2499
Chr2_347	17300001	17400000	724	776	1500
Chr2_348	17350001	17450000	854	635	1489
Chr2_349	17400001	17500000	913	699	1612
Chr2_350	17450001	17550000	315	303	618
Chr2_351	17500001	17600000	385	77	462
Chr2_352	17550001	17650000	856	53	909
Chr2_353	17600001	17700000	1108	6	1114
Chr2_354	17650001	17750000	1438	6	1444
Chr2_355	17700001	17800000	901	0	901
Chr2_356	17750001	17850000	677	1	678
Chr2_357	17800001	17900000	1459	4	1463
Chr2_358	17850001	17950000	1407	5	1412
Chr2_359	17900001	18000000	2267	62	2329
Chr2_360	17950001	18050000	2044	60	2104
Chr2_361	18000001	18100000	1450	0	1450
Chr2_362	18050001	18150000	1370	0	1370
Chr2_363	18100001	18200000	607	0	607
Chr2_364	18150001	18250000	884	0	884
Chr2_365	18200001	18300000	1781	1	1782
Chr2_366	18250001	18350000	2288	3	2291
Chr2_367	18300001	18400000	1667	3	1670
Chr2_368	18350001	18450000	1306	1	1307
Chr2_369	18400001	18500000	1270	0	1270
Chr2_370	18450001	18550000	991	0	991
Chr2_371	18500001	18600000	790	1	791
Chr2_372	18550001	18650000	924	2	926
Chr2_373	18600001	18700000	1047	3	1050
Chr2_374	18650001	18750000	1088	3	1091
Chr2_375	18700001	18800000	1140	1	1141
Chr2_376	18750001	18850000	1214	3	1217
Chr2_377	18800001	18900000	1121	3	1124
Chr2_378	18850001	18950000	1010	0	1010
Chr2_379	18900001	19000000	1111	0	1111
Chr2_380	18950001	19050000	1048	0	1048
Chr2_381	19000001	19100000	1568	2	1570
Chr2_382	19050001	19150000	1472	4	1476
Chr2_383	19100001	19200000	482	2	484
Chr2_384	19150001	19250000	211	0	211
Chr2_385	19200001	19300000	525	1	526
Chr2_386	19250001	19350000	796	1	797
Chr2_387	19300001	19400000	1110	0	1110
Chr2_388	19350001	19450000	1310	2	1312
Chr2_389	19400001	19500000	1277	2	1279
Chr2_390	19450001	19550000	1337	53	1390
Chr2_391	19500001	19600000	1427	53	1480
Chr2_392	19550001	19650000	1274	2	1276
Chr2_393	19600001	19698289	1070	51	1121
Chr3_1	1	100000	1484	1	1485
Chr3_2	50001	150000	1302	5	1307
Chr3_3	100001	200000	941	4	945
Chr3_4	150001	250000	1131	2	1133
Chr3_5	200001	300000	1571	5	1576
Chr3_6	250001	350000	2148	3	2151
Chr3_7	300001	400000	2031	0	2031
Chr3_8	350001	450000	1402	0	1402
Chr3_9	400001	500000	1157	0	1157
Chr3_10	450001	550000	1003	1	1004
Chr3_11	500001	600000	1055	1	1056
Chr3_12	550001	650000	1463	0	1463
Chr3_13	600001	700000	1981	2	1983
Chr3_14	650001	750000	1668	2	1670
Chr3_15	700001	800000	568	1	569
Chr3_16	750001	850000	701	1	702
Chr3_17	800001	900000	1058	0	1058
Chr3_18	850001	950000	463	0	463
Chr3_19	900001	1000000	1113	2	1115
Chr3_20	950001	1050000	2156	3	2159
Chr3_21	1000001	1100000	1598	2	1600
Chr3_22	1050001	1150000	1360	4	1364
Chr3_23	1100001	1200000	1335	4	1339
Chr3_24	1150001	1250000	1074	2	1076
Chr3_25	1200001	1300000	1400	3	1403
Chr3_26	1250001	1350000	1398	2	1400
Chr3_27	1300001	1400000	1048	0	1048
Chr3_28	1350001	1450000	1112	1	1113
Chr3_29	1400001	1500000	1221	1	1222
Chr3_30	1450001	1550000	1364	2	1366
Chr3_31	1500001	1600000	2142	3	2145
Chr3_32	1550001	1650000	2905	4	2909
Chr3_33	1600001	1700000	1985	3	1988
Chr3_34	1650001	1750000	623	1	624
Chr3_35	1700001	1800000	903	2	905
Chr3_36	1750001	1850000	1266	1	1267
Chr3_37	1800001	1900000	528	0	528
Chr3_38	1850001	1950000	0.0	0.0	0.0
Chr3_39	1900001	2000000	0.0	0.0	0.0
Chr3_40	1950001	2050000	162	0	162
Chr3_41	2000001	2100000	1000	0	1000
Chr3_42	2050001	2150000	1638	1	1639
Chr3_43	2100001	2200000	1049	1	1050
Chr3_44	2150001	2250000	911	1	912
Chr3_45	2200001	2300000	1251	1	1252
Chr3_46	2250001	2350000	1514	3	1517
Chr3_47	2300001	2400000	1295	3	1298
Chr3_48	2350001	2450000	1014	2	1016
Chr3_49	2400001	2500000	929	2	931
Chr3_50	2450001	2550000	649	1	650
Chr3_51	2500001	2600000	680	1	681
Chr3_52	2550001	2650000	460	0	460
Chr3_53	2600001	2700000	573	1	574
Chr3_54	2650001	2750000	1106	2	1108
Chr3_55	2700001	2800000	1200	1	1201
Chr3_56	2750001	2850000	945	27	972
Chr3_57	2800001	2900000	1696	28	1724
Chr3_58	2850001	2950000	1920	23	1943
Chr3_59	2900001	3000000	677	24	701
Chr3_60	2950001	3050000	664	2	666
Chr3_61	3000001	3100000	989	1	990
Chr3_62	3050001	3150000	1885	2	1887
Chr3_63	3100001	3200000	2409	2	2411
Chr3_64	3150001	3250000	1168	1	1169
Chr3_65	3200001	3300000	304	0	304
Chr3_66	3250001	3350000	1208	4	1212
Chr3_67	3300001	3400000	2087	7	2094
Chr3_68	3350001	3450000	2204	4	2208
Chr3_69	3400001	3500000	2763	83	2846
Chr3_70	3450001	3550000	2126	84	2210
Chr3_71	3500001	3600000	1254	4	1258
Chr3_72	3550001	3650000	1363	2	1365
Chr3_73	3600001	3700000	1278	1	1279
Chr3_74	3650001	3750000	731	2	733
Chr3_75	3700001	3800000	621	1	622
Chr3_76	3750001	3850000	817	0	817
Chr3_77	3800001	3900000	783	2	785
Chr3_78	3850001	3950000	796	2	798
Chr3_79	3900001	4000000	622	1	623
Chr3_80	3950001	4050000	786	2	788
Chr3_81	4000001	4100000	1441	2	1443
Chr3_82	4050001	4150000	1476	1	1477
Chr3_83	4100001	4200000	744	0	744
Chr3_84	4150001	4250000	593	0	593
Chr3_85	4200001	4300000	3881	5	3886
Chr3_86	4250001	4350000	3918	6	3924
Chr3_87	4300001	4400000	1232	3	1235
Chr3_88	4350001	4450000	1525	2	1527
Chr3_89	4400001	4500000	1342	0	1342
Chr3_90	4450001	4550000	1997	1	1998
Chr3_91	4500001	4600000	2021	3	2024
Chr3_92	4550001	4650000	1353	5	1358
Chr3_93	4600001	4700000	1187	3	1190
Chr3_94	4650001	4750000	1119	0	1119
Chr3_95	4700001	4800000	1122	59	1181
Chr3_96	4750001	4850000	1007	59	1066
Chr3_97	4800001	4900000	1285	8	1293
Chr3_98	4850001	4950000	835	10	845
Chr3_99	4900001	5000000	368	2	370
Chr3_100	4950001	5050000	663	1	664
Chr3_101	5000001	5100000	684	1	685
Chr3_102	5050001	5150000	733	0	733
Chr3_103	5100001	5200000	910	7	917
Chr3_104	5150001	5250000	1180	9	1189
Chr3_105	5200001	5300000	1893	135	2028
Chr3_106	5250001	5350000	2349	135	2484
Chr3_107	5300001	5400000	1947	5	1952
Chr3_108	5350001	5450000	1209	3	1212
Chr3_109	5400001	5500000	1170	1	1171
Chr3_110	5450001	5550000	1239	1	1240
Chr3_111	5500001	5600000	1858	5	1863
Chr3_112	5550001	5650000	2496	7	2503
Chr3_113	5600001	5700000	1881	3	1884
Chr3_114	5650001	5750000	1241	1	1242
Chr3_115	5700001	5800000	790	0	790
Chr3_116	5750001	5850000	735	0	735
Chr3_117	5800001	5900000	1337	5	1342
Chr3_118	5850001	5950000	2052	6	2058
Chr3_119	5900001	6000000	1943	1	1944
Chr3_120	5950001	6050000	1360	1	1361
Chr3_121	6000001	6100000	848	1	849
Chr3_122	6050001	6150000	886	1	887
Chr3_123	6100001	6200000	1611	2	1613
Chr3_124	6150001	6250000	2026	3	2029
Chr3_125	6200001	6300000	1630	4	1634
Chr3_126	6250001	6350000	1456	4	1460
Chr3_127	6300001	6400000	1253	3	1256
Chr3_128	6350001	6450000	850	2	852
Chr3_129	6400001	6500000	1187	2	1189
Chr3_130	6450001	6550000	2112	1	2113
Chr3_131	6500001	6600000	2022	3	2025
Chr3_132	6550001	6650000	1505	3	1508
Chr3_133	6600001	6700000	1573	679	2252
Chr3_134	6650001	6750000	997	967	1964
Chr3_135	6700001	6800000	599	517	1116
Chr3_136	6750001	6850000	631	496	1127
Chr3_137	6800001	6900000	519	445	964
Chr3_138	6850001	6950000	464	481	945
Chr3_139	6900001	7000000	538	544	1082
Chr3_140	6950001	7050000	740	753	1493
Chr3_141	7000001	7100000	856	819	1675
Chr3_142	7050001	7150000	715	601	1316
Chr3_143	7100001	7200000	812	607	1419
Chr3_144	7150001	7250000	900	709	1609
Chr3_145	7200001	7300000	758	684	1442
Chr3_146	7250001	7350000	898	808	1706
Chr3_147	7300001	7400000	983	903	1886
Chr3_148	7350001	7450000	995	781	1776
Chr3_149	7400001	7500000	900	817	1717
Chr3_150	7450001	7550000	633	711	1344
Chr3_151	7500001	7600000	793	679	1472
Chr3_152	7550001	7650000	832	751	1583
Chr3_153	7600001	7700000	763	765	1528
Chr3_154	7650001	7750000	1439	748	2187
Chr3_155	7700001	7800000	1705	818	2523
Chr3_156	7750001	7850000	848	677	1525
Chr3_157	7800001	7900000	438	474	912
Chr3_158	7850001	7950000	741	719	1460
Chr3_159	7900001	8000000	606	588	1194
Chr3_160	7950001	8050000	466	526	992
Chr3_161	8000001	8100000	836	906	1742
Chr3_162	8050001	8150000	1224	1092	2316
Chr3_163	8100001	8200000	1190	1064	2254
Chr3_164	8150001	8250000	953	986	1939
Chr3_165	8200001	8300000	754	827	1581
Chr3_166	8250001	8350000	736	947	1683
Chr3_167	8300001	8400000	1245	1397	2642
Chr3_168	8350001	8450000	1601	1582	3183
Chr3_169	8400001	8500000	1309	1236	2545
Chr3_170	8450001	8550000	816	771	1587
Chr3_171	8500001	8600000	569	607	1176
Chr3_172	8550001	8650000	659	598	1257
Chr3_173	8600001	8700000	664	573	1237
Chr3_174	8650001	8750000	396	411	807
Chr3_175	8700001	8800000	511	458	969
Chr3_176	8750001	8850000	459	411	870
Chr3_177	8800001	8900000	465	462	927
Chr3_178	8850001	8950000	881	939	1820
Chr3_179	8900001	9000000	1637	1827	3464
Chr3_180	8950001	9050000	2118	1856	3974
Chr3_181	9000001	9100000	1314	900	2214
Chr3_182	9050001	9150000	1157	1121	2278
Chr3_183	9100001	9200000	1415	1508	2923
Chr3_184	9150001	9250000	1198	1186	2384
Chr3_185	9200001	9300000	1169	962	2131
Chr3_186	9250001	9350000	1141	921	2062
Chr3_187	9300001	9400000	1075	980	2055
Chr3_188	9350001	9450000	885	886	1771
Chr3_189	9400001	9500000	890	854	1744
Chr3_190	9450001	9550000	1053	1105	2158
Chr3_191	9500001	9600000	1388	1307	2695
Chr3_192	9550001	9650000	2070	1542	3612
Chr3_193	9600001	9700000	2336	1880	4216
Chr3_194	9650001	9750000	1780	1687	3467
Chr3_195	9700001	9800000	993	979	1972
Chr3_196	9750001	9850000	810	761	1571
Chr3_197	9800001	9900000	942	961	1903
Chr3_198	9850001	9950000	1399	1450	2849
Chr3_199	9900001	10000000	1821	1656	3477
Chr3_200	9950001	10050000	1309	1010	2319
Chr3_201	10000001	10100000	795	650	1445
Chr3_202	10050001	10150000	1071	1040	2111
Chr3_203	10100001	10200000	1949	1904	3853
Chr3_204	10150001	10250000	1788	1632	3420
Chr3_205	10200001	10300000	674	490	1164
Chr3_206	10250001	10350000	459	353	812
Chr3_207	10300001	10400000	1157	1135	2292
Chr3_208	10350001	10450000	1169	1240	2409
Chr3_209	10400001	10500000	1168	1141	2309
Chr3_210	10450001	10550000	1433	1568	3001
Chr3_211	10500001	10600000	954	1091	2045
Chr3_212	10550001	10650000	1463	1216	2679
Chr3_213	10600001	10700000	1875	1576	3451
Chr3_214	10650001	10750000	1475	1167	2642
Chr3_215	10700001	10800000	1194	955	2149
Chr3_216	10750001	10850000	1133	964	2097
Chr3_217	10800001	10900000	1492	1366	2858
Chr3_218	10850001	10950000	1196	1100	2296
Chr3_219	10900001	11000000	1203	917	2120
Chr3_220	10950001	11050000	1481	1284	2765
Chr3_221	11000001	11100000	1050	1109	2159
Chr3_222	11050001	11150000	1130	1156	2286
Chr3_223	11100001	11200000	1277	1248	2525
Chr3_224	11150001	11250000	1437	1209	2646
Chr3_225	11200001	11300000	2126	1561	3687
Chr3_226	11250001	11350000	2570	1978	4548
Chr3_227	11300001	11400000	1994	1829	3823
Chr3_228	11350001	11450000	1619	1703	3322
Chr3_229	11400001	11500000	2350	2083	4433
Chr3_230	11450001	11550000	2842	2497	5339
Chr3_231	11500001	11600000	2264	2146	4410
Chr3_232	11550001	11650000	2378	2208	4586
Chr3_233	11600001	11700000	2375	1783	4158
Chr3_234	11650001	11750000	2555	1457	4012
Chr3_235	11700001	11800000	2654	2063	4717
Chr3_236	11750001	11850000	2097	2201	4298
Chr3_237	11800001	11900000	3342	3473	6815
Chr3_238	11850001	11950000	2909	2958	5867
Chr3_239	11900001	12000000	1417	1338	2755
Chr3_240	11950001	12050000	1732	1563	3295
Chr3_241	12000001	12100000	3289	2568	5857
Chr3_242	12050001	12150000	3458	2852	6310
Chr3_243	12100001	12200000	2247	2313	4560
Chr3_244	12150001	12250000	1753	1441	3194
Chr3_245	12200001	12300000	1449	1058	2507
Chr3_246	12250001	12350000	1711	1578	3289
Chr3_247	12300001	12400000	3181	2384	5565
Chr3_248	12350001	12450000	4579	3636	8215
Chr3_249	12400001	12500000	3894	3271	7165
Chr3_250	12450001	12550000	3180	2561	5741
Chr3_251	12500001	12600000	2956	2526	5482
Chr3_252	12550001	12650000	2138	2011	4149
Chr3_253	12600001	12700000	2249	2023	4272
Chr3_254	12650001	12750000	3191	3184	6375
Chr3_255	12700001	12800000	2607	2784	5391
Chr3_256	12750001	12850000	1686	1593	3279
Chr3_257	12800001	12900000	1627	1617	3244
Chr3_258	12850001	12950000	1863	1876	3739
Chr3_259	12900001	13000000	2566	1664	4230
Chr3_260	12950001	13050000	1610	746	2356
Chr3_261	13000001	13100000	248	247	495
Chr3_262	13050001	13150000	2357	1708	4065
Chr3_263	13100001	13200000	3051	2404	5455
Chr3_264	13150001	13250000	1899	1460	3359
Chr3_265	13200001	13300000	2200	1648	3848
Chr3_266	13250001	13350000	2129	2016	4145
Chr3_267	13300001	13400000	2568	2242	4810
Chr3_268	13350001	13450000	1687	1229	2916
Chr3_269	13400001	13500000	1282	1107	2389
Chr3_270	13450001	13550000	3123	2453	5576
Chr3_271	13500001	13600000	4116	3408	7524
Chr3_272	13550001	13650000	2181	2077	4258
Chr3_273	13600001	13700000	160	127	287
Chr3_274	13650001	13750000	242	250	492
Chr3_275	13700001	13800000	234	241	475
Chr3_276	13750001	13850000	577	184	761
Chr3_277	13800001	13900000	667	207	874
Chr3_278	13850001	13950000	236	101	337
Chr3_279	13900001	14000000	607	485	1092
Chr3_280	13950001	14050000	701	604	1305
Chr3_281	14000001	14100000	1400	1200	2600
Chr3_282	14050001	14150000	1786	1542	3328
Chr3_283	14100001	14200000	3085	1732	4817
Chr3_284	14150001	14250000	4885	2071	6956
Chr3_285	14200001	14300000	3812	1797	5609
Chr3_286	14250001	14350000	1988	1510	3498
Chr3_287	14300001	14400000	997	1157	2154
Chr3_288	14350001	14450000	476	594	1070
Chr3_289	14400001	14500000	332	156	488
Chr3_290	14450001	14550000	716	228	944
Chr3_291	14500001	14600000	641	219	860
Chr3_292	14550001	14650000	307	166	473
Chr3_293	14600001	14700000	1034	1187	2221
Chr3_294	14650001	14750000	1732	1893	3625
Chr3_295	14700001	14800000	1869	1862	3731
Chr3_296	14750001	14850000	2030	2049	4079
Chr3_297	14800001	14900000	2672	2176	4848
Chr3_298	14850001	14950000	3213	2559	5772
Chr3_299	14900001	15000000	3056	2225	5281
Chr3_300	14950001	15050000	2822	1605	4427
Chr3_301	15000001	15100000	3259	2238	5497
Chr3_302	15050001	15150000	3492	2894	6386
Chr3_303	15100001	15200000	2693	2496	5189
Chr3_304	15150001	15250000	1979	1601	3580
Chr3_305	15200001	15300000	2174	1465	3639
Chr3_306	15250001	15350000	2300	1802	4102
Chr3_307	15300001	15400000	3361	3034	6395
Chr3_308	15350001	15450000	3654	3139	6793
Chr3_309	15400001	15500000	1715	1392	3107
Chr3_310	15450001	15550000	1470	1402	2872
Chr3_311	15500001	15600000	2651	1791	4442
Chr3_312	15550001	15650000	2794	1807	4601
Chr3_313	15600001	15700000	2912	1206	4118
Chr3_314	15650001	15750000	4951	434	5385
Chr3_315	15700001	15800000	5227	151	5378
Chr3_316	15750001	15850000	3241	9	3250
Chr3_317	15800001	15900000	2728	2	2730
Chr3_318	15850001	15950000	3486	260	3746
Chr3_319	15900001	16000000	3173	260	3433
Chr3_320	15950001	16050000	3991	9	4000
Chr3_321	16000001	16100000	3849	8	3857
Chr3_322	16050001	16150000	2593	8	2601
Chr3_323	16100001	16200000	3214	12	3226
Chr3_324	16150001	16250000	3517	129	3646
Chr3_325	16200001	16300000	3264	224	3488
Chr3_326	16250001	16350000	3117	107	3224
Chr3_327	16300001	16400000	3232	13	3245
Chr3_328	16350001	16450000	3468	20	3488
Chr3_329	16400001	16500000	4002	17	4019
Chr3_330	16450001	16550000	3153	4	3157
Chr3_331	16500001	16600000	2222	4	2226
Chr3_332	16550001	16650000	3117	5	3122
Chr3_333	16600001	16700000	4126	20	4146
Chr3_334	16650001	16750000	3576	44	3620
Chr3_335	16700001	16800000	3174	27	3201
Chr3_336	16750001	16850000	3398	93	3491
Chr3_337	16800001	16900000	2476	104	2580
Chr3_338	16850001	16950000	2524	18	2542
Chr3_339	16900001	17000000	3206	19	3225
Chr3_340	16950001	17050000	2530	17	2547
Chr3_341	17000001	17100000	2588	8	2596
Chr3_342	17050001	17150000	3458	26	3484
Chr3_343	17100001	17200000	3311	24	3335
Chr3_344	17150001	17250000	4099	6	4105
Chr3_345	17200001	17300000	4557	17	4574
Chr3_346	17250001	17350000	3866	16	3882
Chr3_347	17300001	17400000	2798	8	2806
Chr3_348	17350001	17450000	2390	9	2399
Chr3_349	17400001	17500000	3142	8	3150
Chr3_350	17450001	17550000	3164	6	3170
Chr3_351	17500001	17600000	1842	3	1845
Chr3_352	17550001	17650000	1757	2	1759
Chr3_353	17600001	17700000	1816	6	1822
Chr3_354	17650001	17750000	952	8	960
Chr3_355	17700001	17800000	1075	3	1078
Chr3_356	17750001	17850000	505	0	505
Chr3_357	17800001	17900000	0.0	0.0	0.0
Chr3_358	17850001	17950000	0.0	0.0	0.0
Chr3_359	17900001	18000000	58	41	99
Chr3_360	17950001	18050000	56	41	97
Chr3_361	18000001	18100000	0.0	0.0	0.0
Chr3_362	18050001	18150000	214	2	216
Chr3_363	18100001	18200000	1364	2	1366
Chr3_364	18150001	18250000	3422	6	3428
Chr3_365	18200001	18300000	2956	7	2963
Chr3_366	18250001	18350000	2040	8	2048
Chr3_367	18300001	18400000	2118	5	2123
Chr3_368	18350001	18450000	1313	2	1315
Chr3_369	18400001	18500000	1499	2	1501
Chr3_370	18450001	18550000	2327	0	2327
Chr3_371	18500001	18600000	2709	2	2711
Chr3_372	18550001	18650000	3839	4	3843
Chr3_373	18600001	18700000	3306	2	3308
Chr3_374	18650001	18750000	2803	28	2831
Chr3_375	18700001	18800000	2904	45	2949
Chr3_376	18750001	18850000	1513	17	1530
Chr3_377	18800001	18900000	1323	1	1324
Chr3_378	18850001	18950000	1890	4	1894
Chr3_379	18900001	19000000	2080	4	2084
Chr3_380	18950001	19050000	2231	3	2234
Chr3_381	19000001	19100000	1766	2	1768
Chr3_382	19050001	19150000	1421	1	1422
Chr3_383	19100001	19200000	1937	2	1939
Chr3_384	19150001	19250000	1261	2	1263
Chr3_385	19200001	19300000	690	1	691
Chr3_386	19250001	19350000	395	0	395
Chr3_387	19300001	19400000	0.0	0.0	0.0
Chr3_388	19350001	19450000	804	3	807
Chr3_389	19400001	19500000	1713	3	1716
Chr3_390	19450001	19550000	1876	3	1879
Chr3_391	19500001	19600000	2369	1	2370
Chr3_392	19550001	19650000	2366	3	2369
Chr3_393	19600001	19700000	1682	2	1684
Chr3_394	19650001	19750000	1765	4	1769
Chr3_395	19700001	19800000	1680	5	1685
Chr3_396	19750001	19850000	1887	1	1888
Chr3_397	19800001	19900000	2050	1	2051
Chr3_398	19850001	19950000	1783	3	1786
Chr3_399	19900001	20000000	1757	3	1760
Chr3_400	19950001	20050000	1847	2	1849
Chr3_401	20000001	20100000	2524	2	2526
Chr3_402	20050001	20150000	2244	2	2246
Chr3_403	20100001	20200000	1309	4	1313
Chr3_404	20150001	20250000	1054	5	1059
Chr3_405	20200001	20300000	2174	5	2179
Chr3_406	20250001	20350000	2011	3	2014
Chr3_407	20300001	20400000	1766	21	1787
Chr3_408	20350001	20450000	1852	23	1875
Chr3_409	20400001	20500000	1202	2	1204
Chr3_410	20450001	20550000	1308	0	1308
Chr3_411	20500001	20600000	1923	38	1961
Chr3_412	20550001	20650000	1975	40	2015
Chr3_413	20600001	20700000	1610	2	1612
Chr3_414	20650001	20750000	1936	0	1936
Chr3_415	20700001	20800000	2505	1	2506
Chr3_416	20750001	20850000	2212	2	2214
Chr3_417	20800001	20900000	1013	1	1014
Chr3_418	20850001	20950000	1308	3	1311
Chr3_419	20900001	21000000	1479	3	1482
Chr3_420	20950001	21050000	1162	0	1162
Chr3_421	21000001	21100000	1318	0	1318
Chr3_422	21050001	21150000	1367	3	1370
Chr3_423	21100001	21200000	1235	5	1240
Chr3_424	21150001	21250000	1412	3	1415
Chr3_425	21200001	21300000	2535	4	2539
Chr3_426	21250001	21350000	2047	4	2051
Chr3_427	21300001	21400000	586	2	588
Chr3_428	21350001	21450000	973	3	976
Chr3_429	21400001	21500000	2120	4	2124
Chr3_430	21450001	21550000	1956	3	1959
Chr3_431	21500001	21600000	1851	1	1852
Chr3_432	21550001	21650000	1972	61	2033
Chr3_433	21600001	21700000	1068	61	1129
Chr3_434	21650001	21750000	758	1	759
Chr3_435	21700001	21800000	591	1	592
Chr3_436	21750001	21850000	775	0	775
Chr3_437	21800001	21900000	1267	0	1267
Chr3_438	21850001	21950000	1116	1	1117
Chr3_439	21900001	22000000	437	1	438
Chr3_440	21950001	22050000	1030	1	1031
Chr3_441	22000001	22100000	1685	8	1693
Chr3_442	22050001	22150000	2089	11	2100
Chr3_443	22100001	22200000	1818	6	1824
Chr3_444	22150001	22250000	623	44	667
Chr3_445	22200001	22300000	2125	54	2179
Chr3_446	22250001	22350000	2748	12	2760
Chr3_447	22300001	22400000	1577	27	1604
Chr3_448	22350001	22450000	1648	28	1676
Chr3_449	22400001	22500000	1365	1	1366
Chr3_450	22450001	22550000	860	36	896
Chr3_451	22500001	22600000	755	63	818
Chr3_452	22550001	22650000	1286	28	1314
Chr3_453	22600001	22700000	1667	2	1669
Chr3_454	22650001	22750000	1778	2	1780
Chr3_455	22700001	22800000	1153	8	1161
Chr3_456	22750001	22850000	404	7	411
Chr3_457	22800001	22900000	417	0	417
Chr3_458	22850001	22950000	497	3	500
Chr3_459	22900001	23000000	778	3	781
Chr3_460	22950001	23050000	909	0	909
Chr3_461	23000001	23100000	1796	14	1810
Chr3_462	23050001	23150000	1568	23	1591
Chr3_463	23100001	23200000	982	9	991
Chr3_464	23150001	23250000	1881	1	1882
Chr3_465	23200001	23300000	1889	8	1897
Chr3_466	23250001	23350000	1445	8	1453
Chr3_467	23300001	23400000	1794	2	1796
Chr3_468	23350001	23450000	1638	2	1640
Chr3_469	23400001	23459830	702	4	706
Chr4_1	1	100000	1625	17	1642
Chr4_2	50001	150000	2040	2	2042
Chr4_3	100001	200000	2266	3	2269
Chr4_4	150001	250000	3246	5	3251
Chr4_5	200001	300000	3080	4	3084
Chr4_6	250001	350000	1876	0	1876
Chr4_7	300001	400000	1669	7	1676
Chr4_8	350001	450000	2734	9	2743
Chr4_9	400001	500000	2932	2	2934
Chr4_10	450001	550000	2043	1	2044
Chr4_11	500001	600000	2272	17	2289
Chr4_12	550001	650000	2317	18	2335
Chr4_13	600001	700000	2602	5	2607
Chr4_14	650001	750000	3129	7	3136
Chr4_15	700001	800000	2762	6	2768
Chr4_16	750001	850000	3383	7	3390
Chr4_17	800001	900000	2761	8	2769
Chr4_18	850001	950000	1905	4	1909
Chr4_19	900001	1000000	3109	2	3111
Chr4_20	950001	1050000	3500	2	3502
Chr4_21	1000001	1100000	3450	3	3453
Chr4_22	1050001	1150000	3028	3	3031
Chr4_23	1100001	1200000	2948	5	2953
Chr4_24	1150001	1250000	3296	4	3300
Chr4_25	1200001	1300000	4114	5	4119
Chr4_26	1250001	1350000	3714	9	3723
Chr4_27	1300001	1400000	2528	5	2533
Chr4_28	1350001	1450000	2591	2	2593
Chr4_29	1400001	1500000	2040	19	2059
Chr4_30	1450001	1550000	2178	18	2196
Chr4_31	1500001	1600000	2876	1	2877
Chr4_32	1550001	1650000	1955	3	1958
Chr4_33	1600001	1700000	1085	150	1235
Chr4_34	1650001	1750000	953	183	1136
Chr4_35	1700001	1800000	1489	123	1612
Chr4_36	1750001	1850000	4042	121	4163
Chr4_37	1800001	1900000	4801	265	5066
Chr4_38	1850001	1950000	3216	461	3677
Chr4_39	1900001	2000000	4067	261	4328
Chr4_40	1950001	2050000	4537	83	4620
Chr4_41	2000001	2100000	3712	117	3829
Chr4_42	2050001	2150000	4209	67	4276
Chr4_43	2100001	2200000	3417	18	3435
Chr4_44	2150001	2250000	2392	20	2412
Chr4_45	2200001	2300000	2954	3	2957
Chr4_46	2250001	2350000	3735	31	3766
Chr4_47	2300001	2400000	4366	35	4401
Chr4_48	2350001	2450000	4578	7	4585
Chr4_49	2400001	2500000	4092	5	4097
Chr4_50	2450001	2550000	4150	3	4153
Chr4_51	2500001	2600000	3742	113	3855
Chr4_52	2550001	2650000	3453	130	3583
Chr4_53	2600001	2700000	3278	20	3298
Chr4_54	2650001	2750000	1788	4	1792
Chr4_55	2700001	2800000	1966	30	1996
Chr4_56	2750001	2850000	1784	53	1837
Chr4_57	2800001	2900000	747	39	786
Chr4_58	2850001	2950000	855	20	875
Chr4_59	2900001	3000000	1732	13	1745
Chr4_60	2950001	3050000	2155	54	2209
Chr4_61	3000001	3100000	7176	178	7354
Chr4_62	3050001	3150000	8314	147	8461
Chr4_63	3100001	3200000	2129	16	2145
Chr4_64	3150001	3250000	220	1	221
Chr4_65	3200001	3300000	1521	41	1562
Chr4_66	3250001	3350000	4499	66	4565
Chr4_67	3300001	3400000	5492	50	5542
Chr4_68	3350001	3450000	5016	91	5107
Chr4_69	3400001	3500000	4897	106	5003
Chr4_70	3450001	3550000	4436	292	4728
Chr4_71	3500001	3600000	4894	261	5155
Chr4_72	3550001	3650000	4787	63	4850
Chr4_73	3600001	3700000	3380	160	3540
Chr4_74	3650001	3750000	3665	135	3800
Chr4_75	3700001	3800000	5003	50	5053
Chr4_76	3750001	3850000	5281	255	5536
Chr4_77	3800001	3900000	4074	314	4388
Chr4_78	3850001	3950000	3911	140	4051
Chr4_79	3900001	4000000	4585	3442	8027
Chr4_80	3950001	4050000	3996	3490	7486
Chr4_81	4000001	4100000	3818	202	4020
Chr4_82	4050001	4150000	5116	121	5237
Chr4_83	4100001	4200000	6421	34	6455
Chr4_84	4150001	4250000	5444	20	5464
Chr4_85	4200001	4300000	5517	71	5588
Chr4_86	4250001	4350000	5738	85	5823
Chr4_87	4300001	4400000	2956	177	3133
Chr4_88	4350001	4450000	677	203	880
Chr4_89	4400001	4500000	328	121	449
Chr4_90	4450001	4550000	350	176	526
Chr4_91	4500001	4600000	1962	128	2090
Chr4_92	4550001	4650000	2919	28	2947
Chr4_93	4600001	4700000	1963	11	1974
Chr4_94	4650001	4750000	2568	115	2683
Chr4_95	4700001	4800000	4907	877	5784
Chr4_96	4750001	4850000	4786	766	5552
Chr4_97	4800001	4900000	3115	7	3122
Chr4_98	4850001	4950000	3769	23	3792
Chr4_99	4900001	5000000	4686	78	4764
Chr4_100	4950001	5050000	5465	73	5538
Chr4_101	5000001	5100000	5094	33	5127
Chr4_102	5050001	5150000	4464	130	4594
Chr4_103	5100001	5200000	3250	993	4243
Chr4_104	5150001	5250000	1734	1583	3317
Chr4_105	5200001	5300000	1529	1350	2879
Chr4_106	5250001	5350000	1186	1187	2373
Chr4_107	5300001	5400000	1166	1168	2334
Chr4_108	5350001	5450000	1406	1142	2548
Chr4_109	5400001	5500000	1675	1247	2922
Chr4_110	5450001	5550000	1293	993	2286
Chr4_111	5500001	5600000	1459	1077	2536
Chr4_112	5550001	5650000	1975	1837	3812
Chr4_113	5600001	5700000	1542	1749	3291
Chr4_114	5650001	5750000	1330	1497	2827
Chr4_115	5700001	5800000	1325	1384	2709
Chr4_116	5750001	5850000	1438	1464	2902
Chr4_117	5800001	5900000	991	1003	1994
Chr4_118	5850001	5950000	638	492	1130
Chr4_119	5900001	6000000	951	578	1529
Chr4_120	5950001	6050000	1284	926	2210
Chr4_121	6000001	6100000	1328	1199	2527
Chr4_122	6050001	6150000	1499	1585	3084
Chr4_123	6100001	6200000	1625	1864	3489
Chr4_124	6150001	6250000	1598	1644	3242
Chr4_125	6200001	6300000	1326	1163	2489
Chr4_126	6250001	6350000	927	707	1634
Chr4_127	6300001	6400000	985	886	1871
Chr4_128	6350001	6450000	1128	1063	2191
Chr4_129	6400001	6500000	1785	1584	3369
Chr4_130	6450001	6550000	2206	2048	4254
Chr4_131	6500001	6600000	2066	1963	4029
Chr4_132	6550001	6650000	1749	1551	3300
Chr4_133	6600001	6700000	1609	1390	2999
Chr4_134	6650001	6750000	1845	1799	3644
Chr4_135	6700001	6800000	1792	1877	3669
Chr4_136	6750001	6850000	1280	1344	2624
Chr4_137	6800001	6900000	1103	1109	2212
Chr4_138	6850001	6950000	1372	1326	2698
Chr4_139	6900001	7000000	1952	1907	3859
Chr4_140	6950001	7050000	1868	1708	3576
Chr4_141	7000001	7100000	1706	1496	3202
Chr4_142	7050001	7150000	1885	1671	3556
Chr4_143	7100001	7200000	2069	1859	3928
Chr4_144	7150001	7250000	2186	2040	4226
Chr4_145	7200001	7300000	1267	1094	2361
Chr4_146	7250001	7350000	873	867	1740
Chr4_147	7300001	7400000	1055	1072	2127
Chr4_148	7350001	7450000	874	718	1592
Chr4_149	7400001	7500000	871	873	1744
Chr4_150	7450001	7550000	1498	1508	3006
Chr4_151	7500001	7600000	1791	1538	3329
Chr4_152	7550001	7650000	1773	1437	3210
Chr4_153	7600001	7700000	1702	1541	3243
Chr4_154	7650001	7750000	1202	1368	2570
Chr4_155	7700001	7800000	1317	1378	2695
Chr4_156	7750001	7850000	1574	1325	2899
Chr4_157	7800001	7900000	1785	1616	3401
Chr4_158	7850001	7950000	2239	1261	3500
Chr4_159	7900001	8000000	2567	244	2811
Chr4_160	7950001	8050000	3773	10	3783
Chr4_161	8000001	8100000	4157	16	4173
Chr4_162	8050001	8150000	3827	9	3836
Chr4_163	8100001	8200000	3739	3	3742
Chr4_164	8150001	8250000	2505	2	2507
Chr4_165	8200001	8300000	3163	2	3165
Chr4_166	8250001	8350000	3445	3	3448
Chr4_167	8300001	8400000	3021	6	3027
Chr4_168	8350001	8450000	2748	5	2753
Chr4_169	8400001	8500000	1711	25	1736
Chr4_170	8450001	8550000	1923	24	1947
Chr4_171	8500001	8600000	4797	8	4805
Chr4_172	8550001	8650000	4612	9	4621
Chr4_173	8600001	8700000	1320	1	1321
Chr4_174	8650001	8750000	1718	1	1719
Chr4_175	8700001	8800000	2615	1	2616
Chr4_176	8750001	8850000	3400	4	3404
Chr4_177	8800001	8900000	3013	6	3019
Chr4_178	8850001	8950000	2031	3	2034
Chr4_179	8900001	9000000	1839	24	1863
Chr4_180	8950001	9050000	2016	32	2048
Chr4_181	9000001	9100000	2766	16	2782
Chr4_182	9050001	9150000	3017	9	3026
Chr4_183	9100001	9200000	4070	4	4074
Chr4_184	9150001	9250000	3196	2	3198
Chr4_185	9200001	9300000	1182	1	1183
Chr4_186	9250001	9350000	1261	2	1263
Chr4_187	9300001	9400000	1626	2	1628
Chr4_188	9350001	9450000	3356	57	3413
Chr4_189	9400001	9500000	4167	57	4224
Chr4_190	9450001	9550000	2953	2	2955
Chr4_191	9500001	9600000	3147	4	3151
Chr4_192	9550001	9650000	2769	3	2772
Chr4_193	9600001	9700000	2840	2	2842
Chr4_194	9650001	9750000	3368	3	3371
Chr4_195	9700001	9800000	2663	2	2665
Chr4_196	9750001	9850000	2272	2	2274
Chr4_197	9800001	9900000	2227	2	2229
Chr4_198	9850001	9950000	2221	2	2223
Chr4_199	9900001	10000000	1879	10	1889
Chr4_200	9950001	10050000	2172	11	2183
Chr4_201	10000001	10100000	2648	2	2650
Chr4_202	10050001	10150000	2859	3	2862
Chr4_203	10100001	10200000	2849	7	2856
Chr4_204	10150001	10250000	2216	6	2222
Chr4_205	10200001	10300000	1990	10	2000
Chr4_206	10250001	10350000	2556	8	2564
Chr4_207	10300001	10400000	2508	1	2509
Chr4_208	10350001	10450000	4069	4	4073
Chr4_209	10400001	10500000	4896	6	4902
Chr4_210	10450001	10550000	2328	4	2332
Chr4_211	10500001	10600000	1952	4	1956
Chr4_212	10550001	10650000	5254	8	5262
Chr4_213	10600001	10700000	5003	7	5010
Chr4_214	10650001	10750000	2133	2	2135
Chr4_215	10700001	10800000	1668	0	1668
Chr4_216	10750001	10850000	2128	4	2132
Chr4_217	10800001	10900000	3583	6	3589
Chr4_218	10850001	10950000	4424	9	4433
Chr4_219	10900001	11000000	3886	11	3897
Chr4_220	10950001	11050000	4197	12	4209
Chr4_221	11000001	11100000	2480	8	2488
Chr4_222	11050001	11150000	1028	6	1034
Chr4_223	11100001	11200000	1885	9	1894
Chr4_224	11150001	11250000	1369	3	1372
Chr4_225	11200001	11300000	1279	1	1280
Chr4_226	11250001	11350000	1279	1	1280
Chr4_227	11300001	11400000	1374	3	1377
Chr4_228	11350001	11450000	2043	3	2046
Chr4_229	11400001	11500000	1622	1	1623
Chr4_230	11450001	11550000	1056	1	1057
Chr4_231	11500001	11600000	1344	0	1344
Chr4_232	11550001	11650000	2658	5	2663
Chr4_233	11600001	11700000	3076	9	3085
Chr4_234	11650001	11750000	2405	5	2410
Chr4_235	11700001	11800000	2568	22	2590
Chr4_236	11750001	11850000	2020	23	2043
Chr4_237	11800001	11900000	1829	4	1833
Chr4_238	11850001	11950000	1689	2	1691
Chr4_239	11900001	12000000	1780	0	1780
Chr4_240	11950001	12050000	1840	1	1841
Chr4_241	12000001	12100000	1585	1	1586
Chr4_242	12050001	12150000	2682	25	2707
Chr4_243	12100001	12200000	2511	25	2536
Chr4_244	12150001	12250000	1662	2	1664
Chr4_245	12200001	12300000	1725	3	1728
Chr4_246	12250001	12350000	2183	2	2185
Chr4_247	12300001	12400000	1917	1	1918
Chr4_248	12350001	12450000	853	0	853
Chr4_249	12400001	12500000	595	0	595
Chr4_250	12450001	12550000	539	0	539
Chr4_251	12500001	12600000	550	1	551
Chr4_252	12550001	12650000	712	2	714
Chr4_253	12600001	12700000	715	2	717
Chr4_254	12650001	12750000	1361	2	1363
Chr4_255	12700001	12800000	1271	1	1272
Chr4_256	12750001	12850000	1017	9	1026
Chr4_257	12800001	12900000	1277	10	1287
Chr4_258	12850001	12950000	1580	3	1583
Chr4_259	12900001	13000000	2690	2	2692
Chr4_260	12950001	13050000	2299	0	2299
Chr4_261	13000001	13100000	1471	0	1471
Chr4_262	13050001	13150000	1459	1	1460
Chr4_263	13100001	13200000	1528	2	1530
Chr4_264	13150001	13250000	1284	1	1285
Chr4_265	13200001	13300000	1528	2	1530
Chr4_266	13250001	13350000	1669	2	1671
Chr4_267	13300001	13400000	861	0	861
Chr4_268	13350001	13450000	658	0	658
Chr4_269	13400001	13500000	1061	0	1061
Chr4_270	13450001	13550000	1434	0	1434
Chr4_271	13500001	13600000	1280	1	1281
Chr4_272	13550001	13650000	821	1	822
Chr4_273	13600001	13700000	663	0	663
Chr4_274	13650001	13750000	1091	2	1093
Chr4_275	13700001	13800000	1717	3	1720
Chr4_276	13750001	13850000	2551	5	2556
Chr4_277	13800001	13900000	2744	6	2750
Chr4_278	13850001	13950000	1749	3	1752
Chr4_279	13900001	14000000	1020	1	1021
Chr4_280	13950001	14050000	1092	1	1093
Chr4_281	14000001	14100000	1508	3	1511
Chr4_282	14050001	14150000	1219	2	1221
Chr4_283	14100001	14200000	1093	1	1094
Chr4_284	14150001	14250000	1399	2	1401
Chr4_285	14200001	14300000	2019	9	2028
Chr4_286	14250001	14350000	1822	9	1831
Chr4_287	14300001	14400000	1706	3	1709
Chr4_288	14350001	14450000	1613	2	1615
Chr4_289	14400001	14500000	1212	0	1212
Chr4_290	14450001	14550000	1647	0	1647
Chr4_291	14500001	14600000	1538	1	1539
Chr4_292	14550001	14650000	1698	1	1699
Chr4_293	14600001	14700000	1608	0	1608
Chr4_294	14650001	14750000	976	1	977
Chr4_295	14700001	14800000	417	1	418
Chr4_296	14750001	14850000	485	0	485
Chr4_297	14800001	14900000	390	12	402
Chr4_298	14850001	14950000	436	12	448
Chr4_299	14900001	15000000	1028	78	1106
Chr4_300	14950001	15050000	908	79	987
Chr4_301	15000001	15100000	1219	1	1220
Chr4_302	15050001	15150000	1334	1	1335
Chr4_303	15100001	15200000	795	1	796
Chr4_304	15150001	15250000	1034	1	1035
Chr4_305	15200001	15300000	1061	2	1063
Chr4_306	15250001	15350000	1115	1	1116
Chr4_307	15300001	15400000	1597	3	1600
Chr4_308	15350001	15450000	1311	4	1315
Chr4_309	15400001	15500000	1164	2	1166
Chr4_310	15450001	15550000	1021	1	1022
Chr4_311	15500001	15600000	516	0	516
Chr4_312	15550001	15650000	590	0	590
Chr4_313	15600001	15700000	1370	2	1372
Chr4_314	15650001	15750000	1726	3	1729
Chr4_315	15700001	15800000	1043	2	1045
Chr4_316	15750001	15850000	651	2	653
Chr4_317	15800001	15900000	799	2	801
Chr4_318	15850001	15950000	1054	2	1056
Chr4_319	15900001	16000000	843	1	844
Chr4_320	15950001	16050000	757	2	759
Chr4_321	16000001	16100000	1073	3	1076
Chr4_322	16050001	16150000	620	1	621
Chr4_323	16100001	16200000	0.0	0.0	0.0
Chr4_324	16150001	16250000	301	0	301
Chr4_325	16200001	16300000	396	0	396
Chr4_326	16250001	16350000	350	0	350
Chr4_327	16300001	16400000	850	2	852
Chr4_328	16350001	16450000	1441	7	1448
Chr4_329	16400001	16500000	1120	7	1127
Chr4_330	16450001	16550000	1386	2	1388
Chr4_331	16500001	16600000	1739	3	1742
Chr4_332	16550001	16650000	994	5	999
Chr4_333	16600001	16700000	702	2	704
Chr4_334	16650001	16750000	1146	0	1146
Chr4_335	16700001	16800000	1106	1	1107
Chr4_336	16750001	16850000	797	3	800
Chr4_337	16800001	16900000	964	2	966
Chr4_338	16850001	16950000	974	0	974
Chr4_339	16900001	17000000	1058	1	1059
Chr4_340	16950001	17050000	1388	3	1391
Chr4_341	17000001	17100000	2342	2	2344
Chr4_342	17050001	17150000	2802	2	2804
Chr4_343	17100001	17200000	1400	2	1402
Chr4_344	17150001	17250000	700	0	700
Chr4_345	17200001	17300000	1809	0	1809
Chr4_346	17250001	17350000	2107	1	2108
Chr4_347	17300001	17400000	1226	1	1227
Chr4_348	17350001	17450000	811	0	811
Chr4_349	17400001	17500000	877	0	877
Chr4_350	17450001	17550000	1000	2	1002
Chr4_351	17500001	17600000	1713	3	1716
Chr4_352	17550001	17650000	1690	1	1691
Chr4_353	17600001	17700000	1207	1	1208
Chr4_354	17650001	17750000	982	7	989
Chr4_355	17700001	17800000	1272	6	1278
Chr4_356	17750001	17850000	1952	15	1967
Chr4_357	17800001	17900000	1298	16	1314
Chr4_358	17850001	17950000	694	1	695
Chr4_359	17900001	18000000	746	0	746
Chr4_360	17950001	18050000	1185	0	1185
Chr4_361	18000001	18100000	2569	2	2571
Chr4_362	18050001	18150000	2279	4	2283
Chr4_363	18100001	18200000	2238	6	2244
Chr4_364	18150001	18250000	1828	4	1832
Chr4_365	18200001	18300000	802	2	804
Chr4_366	18250001	18350000	1007	2	1009
Chr4_367	18300001	18400000	601	1	602
Chr4_368	18350001	18450000	787	3	790
Chr4_369	18400001	18500000	1256	4	1260
Chr4_370	18450001	18550000	1775	3	1778
Chr4_371	18500001	18585056	1335	1	1336
Chr5_1	1	100000	1014	0	1014
Chr5_2	50001	150000	1957	3	1960
Chr5_3	100001	200000	2280	5	2285
Chr5_4	150001	250000	2453	4	2457
Chr5_5	200001	300000	2134	4	2138
Chr5_6	250001	350000	1302	4	1306
Chr5_7	300001	400000	1857	4	1861
Chr5_8	350001	450000	2040	4	2044
Chr5_9	400001	500000	2312	4	2316
Chr5_10	450001	550000	3334	4	3338
Chr5_11	500001	600000	2851	4	2855
Chr5_12	550001	650000	1631	4	1635
Chr5_13	600001	700000	2073	2	2075
Chr5_14	650001	750000	2052	15	2067
Chr5_15	700001	800000	2616	16	2632
Chr5_16	750001	850000	4864	3	4867
Chr5_17	800001	900000	3452	2	3454
Chr5_18	850001	950000	875	0	875
Chr5_19	900001	1000000	551	0	551
Chr5_20	950001	1050000	1625	0	1625
Chr5_21	1000001	1100000	2063	1	2064
Chr5_22	1050001	1150000	1470	1	1471
Chr5_23	1100001	1200000	1384	16	1400
Chr5_24	1150001	1250000	1757	22	1779
Chr5_25	1200001	1300000	2464	7	2471
Chr5_26	1250001	1350000	1471	1	1472
Chr5_27	1300001	1400000	1237	2	1239
Chr5_28	1350001	1450000	1433	2	1435
Chr5_29	1400001	1500000	1102	0	1102
Chr5_30	1450001	1550000	952	1	953
Chr5_31	1500001	1600000	1574	4	1578
Chr5_32	1550001	1650000	1813	5	1818
Chr5_33	1600001	1700000	944	2	946
Chr5_34	1650001	1750000	2204	1	2205
Chr5_35	1700001	1800000	2811	2	2813
Chr5_36	1750001	1850000	1689	6	1695
Chr5_37	1800001	1900000	784	5	789
Chr5_38	1850001	1950000	834	2	836
Chr5_39	1900001	2000000	1113	3	1116
Chr5_40	1950001	2050000	918	1	919
Chr5_41	2000001	2100000	1309	0	1309
Chr5_42	2050001	2150000	1023	1	1024
Chr5_43	2100001	2200000	866	3	869
Chr5_44	2150001	2250000	1586	4	1590
Chr5_45	2200001	2300000	1735	6	1741
Chr5_46	2250001	2350000	1525	11	1536
Chr5_47	2300001	2400000	1848	8	1856
Chr5_48	2350001	2450000	1767	1	1768
Chr5_49	2400001	2500000	1591	2	1593
Chr5_50	2450001	2550000	1134	2	1136
Chr5_51	2500001	2600000	1410	1	1411
Chr5_52	2550001	2650000	1542	1	1543
Chr5_53	2600001	2700000	797	0	797
Chr5_54	2650001	2750000	673	4	677
Chr5_55	2700001	2800000	1271	5	1276
Chr5_56	2750001	2850000	1914	1	1915
Chr5_57	2800001	2900000	3006	4	3010
Chr5_58	2850001	2950000	2394	4	2398
Chr5_59	2900001	3000000	326	0	326
Chr5_60	2950001	3050000	558	0	558
Chr5_61	3000001	3100000	1379	0	1379
Chr5_62	3050001	3150000	1831	0	1831
Chr5_63	3100001	3200000	1995	3	1998
Chr5_64	3150001	3250000	1437	4	1441
Chr5_65	3200001	3300000	816	7	823
Chr5_66	3250001	3350000	1157	41	1198
Chr5_67	3300001	3400000	1663	41	1704
Chr5_68	3350001	3450000	898	6	904
Chr5_69	3400001	3500000	189	0	189
Chr5_70	3450001	3550000	832	2	834
Chr5_71	3500001	3600000	2169	4	2173
Chr5_72	3550001	3650000	1995	2	1997
Chr5_73	3600001	3700000	592	0	592
Chr5_74	3650001	3750000	384	2	386
Chr5_75	3700001	3800000	965	7	972
Chr5_76	3750001	3850000	1002	5	1007
Chr5_77	3800001	3900000	660	0	660
Chr5_78	3850001	3950000	1387	1	1388
Chr5_79	3900001	4000000	1674	1	1675
Chr5_80	3950001	4050000	1353	1	1354
Chr5_81	4000001	4100000	1416	2	1418
Chr5_82	4050001	4150000	1109	5	1114
Chr5_83	4100001	4200000	1257	6	1263
Chr5_84	4150001	4250000	1162	3	1165
Chr5_85	4200001	4300000	655	1	656
Chr5_86	4250001	4350000	688	0	688
Chr5_87	4300001	4400000	779	5	784
Chr5_88	4350001	4450000	853	5	858
Chr5_89	4400001	4500000	1346	1	1347
Chr5_90	4450001	4550000	1435	7	1442
Chr5_91	4500001	4600000	1463	27	1490
Chr5_92	4550001	4650000	1913	23	1936
Chr5_93	4600001	4700000	1530	4	1534
Chr5_94	4650001	4750000	1146	7	1153
Chr5_95	4700001	4800000	890	5	895
Chr5_96	4750001	4850000	1256	1	1257
Chr5_97	4800001	4900000	1373	5	1378
Chr5_98	4850001	4950000	727	4	731
Chr5_99	4900001	5000000	1219	2	1221
Chr5_100	4950001	5050000	1442	2	1444
Chr5_101	5000001	5100000	794	6	800
Chr5_102	5050001	5150000	1143	8	1151
Chr5_103	5100001	5200000	1427	4	1431
Chr5_104	5150001	5250000	1744	6	1750
Chr5_105	5200001	5300000	2599	5	2604
Chr5_106	5250001	5350000	3690	5	3695
Chr5_107	5300001	5400000	3324	6	3330
Chr5_108	5350001	5450000	1718	2	1720
Chr5_109	5400001	5500000	1974	16	1990
Chr5_110	5450001	5550000	2027	18	2045
Chr5_111	5500001	5600000	1544	3	1547
Chr5_112	5550001	5650000	1784	24	1808
Chr5_113	5600001	5700000	2733	25	2758
Chr5_114	5650001	5750000	2168	3	2171
Chr5_115	5700001	5800000	1023	2	1025
Chr5_116	5750001	5850000	1826	3	1829
Chr5_117	5800001	5900000	2466	3	2469
Chr5_118	5850001	5950000	2534	32	2566
Chr5_119	5900001	6000000	2325	33	2358
Chr5_120	5950001	6050000	1628	2	1630
Chr5_121	6000001	6100000	2025	1	2026
Chr5_122	6050001	6150000	2175	4	2179
Chr5_123	6100001	6200000	1064	4	1068
Chr5_124	6150001	6250000	1401	5	1406
Chr5_125	6200001	6300000	1741	36	1777
Chr5_126	6250001	6350000	1141	33	1174
Chr5_127	6300001	6400000	1608	1	1609
Chr5_128	6350001	6450000	1660	1	1661
Chr5_129	6400001	6500000	1289	3	1292
Chr5_130	6450001	6550000	1285	2	1287
Chr5_131	6500001	6600000	996	0	996
Chr5_132	6550001	6650000	1483	1	1484
Chr5_133	6600001	6700000	1786	2	1788
Chr5_134	6650001	6750000	1464	1	1465
Chr5_135	6700001	6800000	1415	0	1415
Chr5_136	6750001	6850000	1760	9	1769
Chr5_137	6800001	6900000	1921	12	1933
Chr5_138	6850001	6950000	2377	4	2381
Chr5_139	6900001	7000000	2803	5	2808
Chr5_140	6950001	7050000	4988	603	5591
Chr5_141	7000001	7100000	4907	605	5512
Chr5_142	7050001	7150000	2021	6	2027
Chr5_143	7100001	7200000	1944	3	1947
Chr5_144	7150001	7250000	2200	6	2206
Chr5_145	7200001	7300000	1488	5	1493
Chr5_146	7250001	7350000	1795	5	1800
Chr5_147	7300001	7400000	2041	5	2046
Chr5_148	7350001	7450000	2178	4	2182
Chr5_149	7400001	7500000	2805	6	2811
Chr5_150	7450001	7550000	2549	7	2556
Chr5_151	7500001	7600000	1872	3	1875
Chr5_152	7550001	7650000	1490	7	1497
Chr5_153	7600001	7700000	2587	7	2594
Chr5_154	7650001	7750000	3505	1	3506
Chr5_155	7700001	7800000	2233	1	2234
Chr5_156	7750001	7850000	2193	4	2197
Chr5_157	7800001	7900000	2081	11	2092
Chr5_158	7850001	7950000	2662	9	2671
Chr5_159	7900001	8000000	3566	11	3577
Chr5_160	7950001	8050000	2946	12	2958
Chr5_161	8000001	8100000	2642	11	2653
Chr5_162	8050001	8150000	1862	8	1870
Chr5_163	8100001	8200000	1832	1	1833
Chr5_164	8150001	8250000	3001	43	3044
Chr5_165	8200001	8300000	2818	46	2864
Chr5_166	8250001	8350000	1636	4	1640
Chr5_167	8300001	8400000	1517	3	1520
Chr5_168	8350001	8450000	1716	4	1720
Chr5_169	8400001	8500000	1368	2	1370
Chr5_170	8450001	8550000	1413	2	1415
Chr5_171	8500001	8600000	2299	4	2303
Chr5_172	8550001	8650000	2900	6	2906
Chr5_173	8600001	8700000	2759	7	2766
Chr5_174	8650001	8750000	1639	13	1652
Chr5_175	8700001	8800000	1349	11	1360
Chr5_176	8750001	8850000	2148	2	2150
Chr5_177	8800001	8900000	1687	1	1688
Chr5_178	8850001	8950000	801	1	802
Chr5_179	8900001	9000000	707	1	708
Chr5_180	8950001	9050000	852	6	858
Chr5_181	9000001	9100000	1575	6	1581
Chr5_182	9050001	9150000	3245	4	3249
Chr5_183	9100001	9200000	4000	7	4007
Chr5_184	9150001	9250000	2794	19	2813
Chr5_185	9200001	9300000	1875	47	1922
Chr5_186	9250001	9350000	1390	32	1422
Chr5_187	9300001	9400000	984	4	988
Chr5_188	9350001	9450000	2942	5	2947
Chr5_189	9400001	9500000	4309	5	4314
Chr5_190	9450001	9550000	3460	48	3508
Chr5_191	9500001	9600000	2690	102	2792
Chr5_192	9550001	9650000	2527	106	2633
Chr5_193	9600001	9700000	2566	50	2616
Chr5_194	9650001	9750000	2350	5	2355
Chr5_195	9700001	9800000	3018	5	3023
Chr5_196	9750001	9850000	2802	9	2811
Chr5_197	9800001	9900000	2204	12	2216
Chr5_198	9850001	9950000	3374	20	3394
Chr5_199	9900001	10000000	3919	18	3937
Chr5_200	9950001	10050000	3003	10	3013
Chr5_201	10000001	10100000	5176	55	5231
Chr5_202	10050001	10150000	5342	49	5391
Chr5_203	10100001	10200000	2272	610	2882
Chr5_204	10150001	10250000	1826	1536	3362
Chr5_205	10200001	10300000	2116	1523	3639
Chr5_206	10250001	10350000	1007	609	1616
Chr5_207	10300001	10400000	335	255	590
Chr5_208	10350001	10450000	656	469	1125
Chr5_209	10400001	10500000	1176	910	2086
Chr5_210	10450001	10550000	1605	1273	2878
Chr5_211	10500001	10600000	2001	1871	3872
Chr5_212	10550001	10650000	2438	2459	4897
Chr5_213	10600001	10700000	2068	2026	4094
Chr5_214	10650001	10750000	1944	1966	3910
Chr5_215	10700001	10800000	1715	1578	3293
Chr5_216	10750001	10850000	1393	1147	2540
Chr5_217	10800001	10900000	1420	1286	2706
Chr5_218	10850001	10950000	1475	1423	2898
Chr5_219	10900001	11000000	1976	2203	4179
Chr5_220	10950001	11050000	2068	1969	4037
Chr5_221	11000001	11100000	1708	1184	2892
Chr5_222	11050001	11150000	1816	1455	3271
Chr5_223	11100001	11200000	5558	3270	8828
Chr5_224	11150001	11250000	4944	2681	7625
Chr5_225	11200001	11300000	1485	695	2180
Chr5_226	11250001	11350000	1795	1137	2932
Chr5_227	11300001	11400000	1889	1565	3454
Chr5_228	11350001	11450000	2342	2114	4456
Chr5_229	11400001	11500000	3301	2826	6127
Chr5_230	11450001	11550000	3143	2347	5490
Chr5_231	11500001	11600000	2649	2042	4691
Chr5_232	11550001	11650000	3588	2616	6204
Chr5_233	11600001	11700000	2841	2070	4911
Chr5_234	11650001	11750000	7936	4498	12434
Chr5_235	11700001	11800000	7216	3825	11041
Chr5_236	11750001	11850000	211	62	273
Chr5_237	11800001	11900000	0.0	0.0	0.0
Chr5_238	11850001	11950000	72	58	130
Chr5_239	11900001	12000000	376	372	748
Chr5_240	11950001	12050000	1421	1239	2660
Chr5_241	12000001	12100000	2232	2001	4233
Chr5_242	12050001	12150000	1649	1405	3054
Chr5_243	12100001	12200000	1577	1287	2864
Chr5_244	12150001	12250000	2175	2015	4190
Chr5_245	12200001	12300000	2193	2105	4298
Chr5_246	12250001	12350000	1959	1904	3863
Chr5_247	12300001	12400000	1922	2032	3954
Chr5_248	12350001	12450000	2336	2183	4519
Chr5_249	12400001	12500000	2413	1852	4265
Chr5_250	12450001	12550000	2241	1985	4226
Chr5_251	12500001	12600000	1527	1594	3121
Chr5_252	12550001	12650000	1672	1433	3105
Chr5_253	12600001	12700000	1928	1507	3435
Chr5_254	12650001	12750000	1644	1371	3015
Chr5_255	12700001	12800000	2066	1580	3646
Chr5_256	12750001	12850000	1065	737	1802
Chr5_257	12800001	12900000	1700	780	2480
Chr5_258	12850001	12950000	2849	1770	4619
Chr5_259	12900001	13000000	1955	1728	3683
Chr5_260	12950001	13050000	1877	1635	3512
Chr5_261	13000001	13100000	2546	1998	4544
Chr5_262	13050001	13150000	2663	2285	4948
Chr5_263	13100001	13200000	2557	2374	4931
Chr5_264	13150001	13250000	1877	1607	3484
Chr5_265	13200001	13300000	1169	906	2075
Chr5_266	13250001	13350000	1402	1017	2419
Chr5_267	13300001	13400000	2079	1572	3651
Chr5_268	13350001	13450000	2669	2392	5061
Chr5_269	13400001	13500000	2218	2057	4275
Chr5_270	13450001	13550000	1188	849	2037
Chr5_271	13500001	13600000	1143	976	2119
Chr5_272	13550001	13650000	1283	1350	2633
Chr5_273	13600001	13700000	577	572	1149
Chr5_274	13650001	13750000	986	810	1796
Chr5_275	13700001	13800000	2338	1980	4318
Chr5_276	13750001	13850000	2104	1860	3964
Chr5_277	13800001	13900000	1435	1529	2964
Chr5_278	13850001	13950000	1403	1503	2906
Chr5_279	13900001	14000000	1483	1267	2750
Chr5_280	13950001	14050000	1521	1154	2675
Chr5_281	14000001	14100000	2114	1809	3923
Chr5_282	14050001	14150000	2918	1550	4468
Chr5_283	14100001	14200000	2055	234	2289
Chr5_284	14150001	14250000	1292	0	1292
Chr5_285	14200001	14300000	2596	119	2715
Chr5_286	14250001	14350000	2216	122	2338
Chr5_287	14300001	14400000	350	3	353
Chr5_288	14350001	14450000	0.0	0.0	0.0
Chr5_289	14400001	14500000	0.0	0.0	0.0
Chr5_290	14450001	14550000	273	19	292
Chr5_291	14500001	14600000	954	22	976
Chr5_292	14550001	14650000	1415	7	1422
Chr5_293	14600001	14700000	2411	7	2418
Chr5_294	14650001	14750000	2446	7	2453
Chr5_295	14700001	14800000	2586	4	2590
Chr5_296	14750001	14850000	3676	24	3700
Chr5_297	14800001	14900000	3290	24	3314
Chr5_298	14850001	14950000	3328	1	3329
Chr5_299	14900001	15000000	3249	1	3250
Chr5_300	14950001	15050000	2705	0	2705
Chr5_301	15000001	15100000	3739	3	3742
Chr5_302	15050001	15150000	3604	5	3609
Chr5_303	15100001	15200000	2665	2	2667
Chr5_304	15150001	15250000	2316	1	2317
Chr5_305	15200001	15300000	2257	2	2259
Chr5_306	15250001	15350000	3028	4	3032
Chr5_307	15300001	15400000	3695	500	4195
Chr5_308	15350001	15450000	3587	497	4084
Chr5_309	15400001	15500000	2988	4	2992
Chr5_310	15450001	15550000	2980	198	3178
Chr5_311	15500001	15600000	3200	199	3399
Chr5_312	15550001	15650000	2322	5	2327
Chr5_313	15600001	15700000	1123	1	1124
Chr5_314	15650001	15750000	1427	2	1429
Chr5_315	15700001	15800000	3002	3	3005
Chr5_316	15750001	15850000	3634	3	3637
Chr5_317	15800001	15900000	2460	1	2461
Chr5_318	15850001	15950000	1543	1	1544
Chr5_319	15900001	16000000	1756	2	1758
Chr5_320	15950001	16050000	3165	3	3168
Chr5_321	16000001	16100000	3810	10	3820
Chr5_322	16050001	16150000	3826	8	3834
Chr5_323	16100001	16200000	2604	1	2605
Chr5_324	16150001	16250000	1835	4	1839
Chr5_325	16200001	16300000	2779	3	2782
Chr5_326	16250001	16350000	2358	2	2360
Chr5_327	16300001	16400000	2478	6	2484
Chr5_328	16350001	16450000	2580	5	2585
Chr5_329	16400001	16500000	1461	4	1465
Chr5_330	16450001	16550000	928	3	931
Chr5_331	16500001	16600000	1346	2	1348
Chr5_332	16550001	16650000	2753	7	2760
Chr5_333	16600001	16700000	4429	8	4437
Chr5_334	16650001	16750000	3573	6	3579
Chr5_335	16700001	16800000	2647	4	2651
Chr5_336	16750001	16850000	2617	4	2621
Chr5_337	16800001	16900000	1960	5	1965
Chr5_338	16850001	16950000	1972	3	1975
Chr5_339	16900001	17000000	1835	1	1836
Chr5_340	16950001	17050000	2299	1	2300
Chr5_341	17000001	17100000	2992	33	3025
Chr5_342	17050001	17150000	2701	32	2733
Chr5_343	17100001	17200000	2456	2	2458
Chr5_344	17150001	17250000	2854	3	2857
Chr5_345	17200001	17300000	2913	4	2917
Chr5_346	17250001	17350000	3468	9	3477
Chr5_347	17300001	17400000	3789	11	3800
Chr5_348	17350001	17450000	2547	7	2554
Chr5_349	17400001	17500000	3623	5	3628
Chr5_350	17450001	17550000	4965	7	4972
Chr5_351	17500001	17600000	4743	9	4752
Chr5_352	17550001	17650000	4343	8	4351
Chr5_353	17600001	17700000	4335	3	4338
Chr5_354	17650001	17750000	3722	2	3724
Chr5_355	17700001	17800000	2436	4	2440
Chr5_356	17750001	17850000	4107	6	4113
Chr5_357	17800001	17900000	3787	4	3791
Chr5_358	17850001	17950000	3905	5	3910
Chr5_359	17900001	18000000	4659	6	4665
Chr5_360	17950001	18050000	3082	2	3084
Chr5_361	18000001	18100000	2790	3	2793
Chr5_362	18050001	18150000	2078	3	2081
Chr5_363	18100001	18200000	3008	5	3013
Chr5_364	18150001	18250000	3853	4	3857
Chr5_365	18200001	18300000	3895	4	3899
Chr5_366	18250001	18350000	3618	5	3623
Chr5_367	18300001	18400000	1325	3	1328
Chr5_368	18350001	18450000	113	2	115
Chr5_369	18400001	18500000	278	53	331
Chr5_370	18450001	18550000	220	53	273
Chr5_371	18500001	18600000	0.0	0.0	0.0
Chr5_372	18550001	18650000	709	0	709
Chr5_373	18600001	18700000	2135	5	2140
Chr5_374	18650001	18750000	2703	8	2711
Chr5_375	18700001	18800000	3132	8	3140
Chr5_376	18750001	18850000	3022	7	3029
Chr5_377	18800001	18900000	1932	6	1938
Chr5_378	18850001	18950000	1805	6	1811
Chr5_379	18900001	19000000	1911	3	1914
Chr5_380	18950001	19050000	2138	3	2141
Chr5_381	19000001	19100000	1930	3	1933
Chr5_382	19050001	19150000	2074	2	2076
Chr5_383	19100001	19200000	2900	3	2903
Chr5_384	19150001	19250000	3993	200	4193
Chr5_385	19200001	19300000	3456	199	3655
Chr5_386	19250001	19350000	2723	3	2726
Chr5_387	19300001	19400000	3757	5	3762
Chr5_388	19350001	19450000	3769	5	3774
Chr5_389	19400001	19500000	2473	2	2475
Chr5_390	19450001	19550000	2615	2	2617
Chr5_391	19500001	19600000	2710	4	2714
Chr5_392	19550001	19650000	2187	3	2190
Chr5_393	19600001	19700000	2794	2	2796
Chr5_394	19650001	19750000	2458	3	2461
Chr5_395	19700001	19800000	1484	2	1486
Chr5_396	19750001	19850000	811	0	811
Chr5_397	19800001	19900000	1010	0	1010
Chr5_398	19850001	19950000	1697	1	1698
Chr5_399	19900001	20000000	2369	3	2372
Chr5_400	19950001	20050000	1871	4	1875
Chr5_401	20000001	20100000	1504	2	1506
Chr5_402	20050001	20150000	1982	1	1983
Chr5_403	20100001	20200000	2109	1	2110
Chr5_404	20150001	20250000	3575	2	3577
Chr5_405	20200001	20300000	3651	2	3653
Chr5_406	20250001	20350000	2064	1	2065
Chr5_407	20300001	20400000	1732	2	1734
Chr5_408	20350001	20450000	1550	1	1551
Chr5_409	20400001	20500000	1624	1	1625
Chr5_410	20450001	20550000	1700	94	1794
Chr5_411	20500001	20600000	941	93	1034
Chr5_412	20550001	20650000	299	0	299
Chr5_413	20600001	20700000	689	1	690
Chr5_414	20650001	20750000	1237	1	1238
Chr5_415	20700001	20800000	1473	2	1475
Chr5_416	20750001	20850000	1231	4	1235
Chr5_417	20800001	20900000	1138	3	1141
Chr5_418	20850001	20950000	1836	2	1838
Chr5_419	20900001	21000000	1747	1	1748
Chr5_420	20950001	21050000	1390	0	1390
Chr5_421	21000001	21100000	1978	4	1982
Chr5_422	21050001	21150000	1637	8	1645
Chr5_423	21100001	21200000	1244	4	1248
Chr5_424	21150001	21250000	1236	1	1237
Chr5_425	21200001	21300000	1317	2	1319
Chr5_426	21250001	21350000	1693	3	1696
Chr5_427	21300001	21400000	2540	5	2545
Chr5_428	21350001	21450000	3057	5	3062
Chr5_429	21400001	21500000	2374	3	2377
Chr5_430	21450001	21550000	2922	80	3002
Chr5_431	21500001	21600000	2392	79	2471
Chr5_432	21550001	21650000	1368	2	1370
Chr5_433	21600001	21700000	1373	4	1377
Chr5_434	21650001	21750000	1332	2	1334
Chr5_435	21700001	21800000	1589	3	1592
Chr5_436	21750001	21850000	1903	34	1937
Chr5_437	21800001	21900000	2265	35	2300
Chr5_438	21850001	21950000	3983	16	3999
Chr5_439	21900001	22000000	3780	12	3792
Chr5_440	21950001	22050000	1695	1	1696
Chr5_441	22000001	22100000	2104	1	2105
Chr5_442	22050001	22150000	2309	3	2312
Chr5_443	22100001	22200000	2310	5	2315
Chr5_444	22150001	22250000	2328	5	2333
Chr5_445	22200001	22300000	2292	4	2296
Chr5_446	22250001	22350000	1984	2	1986
Chr5_447	22300001	22400000	2214	2	2216
Chr5_448	22350001	22450000	2432	4	2436
Chr5_449	22400001	22500000	1297	4	1301
Chr5_450	22450001	22550000	1140	40	1180
Chr5_451	22500001	22600000	2450	43	2493
Chr5_452	22550001	22650000	2119	6	2125
Chr5_453	22600001	22700000	1688	5	1693
Chr5_454	22650001	22750000	3449	4	3453
Chr5_455	22700001	22800000	2954	2	2956
Chr5_456	22750001	22850000	1560	1	1561
Chr5_457	22800001	22900000	1501	0	1501
Chr5_458	22850001	22950000	910	0	910
Chr5_459	22900001	23000000	965	2	967
Chr5_460	22950001	23050000	1334	2	1336
Chr5_461	23000001	23100000	1308	2	1310
Chr5_462	23050001	23150000	997	3	1000
Chr5_463	23100001	23200000	964	3	967
Chr5_464	23150001	23250000	1462	3	1465
Chr5_465	23200001	23300000	1690	1	1691
Chr5_466	23250001	23350000	1874	0	1874
Chr5_467	23300001	23400000	1414	1	1415
Chr5_468	23350001	23450000	2220	3	2223
Chr5_469	23400001	23500000	2286	3	2289
Chr5_470	23450001	23550000	3363	1	3364
Chr5_471	23500001	23600000	3156	2	3158
Chr5_472	23550001	23650000	812	3	815
Chr5_473	23600001	23700000	1109	1	1110
Chr5_474	23650001	23750000	1333	1	1334
Chr5_475	23700001	23800000	1549	4	1553
Chr5_476	23750001	23850000	2244	4	2248
Chr5_477	23800001	23900000	2110	1	2111
Chr5_478	23850001	23950000	2095	0	2095
Chr5_479	23900001	24000000	2698	2	2700
Chr5_480	23950001	24050000	2467	23	2490
Chr5_481	24000001	24100000	2839	24	2863
Chr5_482	24050001	24150000	2711	218	2929
Chr5_483	24100001	24200000	1700	215	1915
Chr5_484	24150001	24250000	1850	0	1850
Chr5_485	24200001	24300000	2326	1	2327
Chr5_486	24250001	24350000	1547	3	1550
Chr5_487	24300001	24400000	1079	4	1083
Chr5_488	24350001	24450000	1125	2	1127
Chr5_489	24400001	24500000	984	2	986
Chr5_490	24450001	24550000	816	2	818
Chr5_491	24500001	24600000	588	1	589
Chr5_492	24550001	24650000	782	2	784
Chr5_493	24600001	24700000	1494	4	1498
Chr5_494	24650001	24750000	1773	5	1778
Chr5_495	24700001	24800000	1272	2	1274
Chr5_496	24750001	24850000	934	2	936
Chr5_497	24800001	24900000	656	4	660
Chr5_498	24850001	24950000	718	2	720
Chr5_499	24900001	25000000	1421	1	1422
Chr5_500	24950001	25050000	1677	4	1681
Chr5_501	25000001	25100000	1322	3	1325
Chr5_502	25050001	25150000	839	1	840
Chr5_503	25100001	25200000	1067	1	1068
Chr5_504	25150001	25250000	2093	16	2109
Chr5_505	25200001	25300000	2920	28	2948
Chr5_506	25250001	25350000	2922	12	2934
Chr5_507	25300001	25400000	1801	1	1802
Chr5_508	25350001	25450000	1041	1	1042
Chr5_509	25400001	25500000	1906	3	1909
Chr5_510	25450001	25550000	1972	4	1976
Chr5_511	25500001	25600000	843	1	844
Chr5_512	25550001	25650000	415	0	415
Chr5_513	25600001	25700000	567	0	567
Chr5_514	25650001	25750000	840	0	840
Chr5_515	25700001	25800000	1915	2	1917
Chr5_516	25750001	25850000	2202	4	2206
Chr5_517	25800001	25900000	1713	3	1716
Chr5_518	25850001	25950000	2202	5	2207
Chr5_519	25900001	26000000	1953	18	1971
Chr5_520	25950001	26050000	1480	16	1496
Chr5_521	26000001	26100000	2571	3	2574
Chr5_522	26050001	26150000	3423	4	3427
Chr5_523	26100001	26200000	1997	3	2000
Chr5_524	26150001	26250000	990	0	990
Chr5_525	26200001	26300000	1779	1	1780
Chr5_526	26250001	26350000	2054	4	2058
Chr5_527	26300001	26400000	2018	6	2024
Chr5_528	26350001	26450000	2749	3	2752
Chr5_529	26400001	26500000	2940	2	2942
Chr5_530	26450001	26550000	1901	2	1903
Chr5_531	26500001	26600000	1617	0	1617
Chr5_532	26550001	26650000	2006	0	2006
Chr5_533	26600001	26700000	1694	1	1695
Chr5_534	26650001	26750000	2061	2	2063
Chr5_535	26700001	26800000	2333	3	2336
Chr5_536	26750001	26850000	1362	3	1365
Chr5_537	26800001	26900000	560	1	561
Chr5_538	26850001	26950000	674	0	674
Chr5_539	26900001	26975502	538	0	538
